119210007 1992 1992
119210008 1992 1992
119211004 1992 1992
119211008 1992 1992
119211011 1992 1992
119301002 1993 1993
119302002 1993 1993
119302003 1993 1993
119303005 1993 1993
119303014 1993 1993
119304017 1993 1993
119304023 1993 1993
119306009 1993 1993
119306012 1993 1993
119306014 1993 1993
119306024 1993 1993
119307002 1993 1993
119307025 1993 1993
119310001 1993 1993
119310010 1993 1993
119310001 1993 1993
119310008 1993 1993
119310018 1993 1993
119311038 1993 1993
119312013 1993 1993
119312022 1993 1993
119401007 1994 1994
119401002 1994 1994
119401003 1994 1994
119401020 1994 1994
119402010 1994 1994
119402017 1994 1994
119402018 1994 1994
119402021 1994 1994
119404005 1994 1994
119404015 1994 1994
119405004 1994 1994
119405036 1994 1994
119405001 1994 1994
119405002 1994 1994
119405012 1994 1994
119405024 1994 1994
119406016 1994 1994
119406026 1994 1994
119406029 1994 1994
119408023 1994 1994
119408099 1994 1994
119408005 1994 1994
119408023 1994 1994
119409055 1994 1994
119409017 1994 1994
119410001 1994 1994
119410094 1994 1994
119411080 1994 1994
119411021 1994 1994
119412013 1994 1994
119412055 1994 1994
119501065 1995 1995
119501024 1995 1995
119502052 1995 1995
119502080 1995 1995
119502003 1995 1995
119503068 1995 1995
119503047 1995 1995
119503002 1995 1995
119503017 1995 1995
119503003 1995 1995
119503017 1995 1995
119503028 1995 1995
119504003 1995 1995
119504003 1995 1995
119504006 1995 1995
119504032 1995 1995
119504014 1995 1995
119505039 1995 1995
119505117 1995 1995
119505009 1995 1995
119505034 1995 1995
119506015 1995 1995
119506027 1995 1995
119506034 1995 1995
119506113 1995 1995
119506017 1995 1995
119506018 1995 1995
119507006 1995 1995
119507013 1995 1995
119507108 1995 1995
119507004 1995 1995
119507005 1995 1995
119507023 1995 1995
119507003 1995 1995
119509018 1995 1995
119509090 1995 1995
119509084 1995 1995
119509085 1995 1995
119509116 1995 1995
119509018 1995 1995
119509022 1995 1995
119509046 1995 1995
119510043 1995 1995
119510046 1995 1995
119510036 1995 1995
119510037 1995 1995
119510011 1995 1995
119510029 1995 1995
119510036 1995 1995
119510037 1995 1995
119510059 1995 1995
119510062 1995 1995
119510025 1995 1995
119511001 1995 1995
119511055 1995 1995
119511001 1995 1995
119511007 1995 1995
119511028 1995 1995
119511031 1995 1995
119512006 1995 1995
119512080 1995 1995
119512006 1995 1995
119512011 1995 1995
119512024 1995 1995
119601005 1996 1996
119601029 1996 1996
119601001 1996 1996
119602012 1996 1996
119602020 1996 1996
119602031 1996 1996
119602045 1996 1996
119602005 1996 1996
119602012 1996 1996
119602038 1996 1996
119603049 1996 1996
119603119 1996 1996
119603007 1996 1996
119603008 1996 1996
119603009 1996 1996
119603011 1996 1996
119603017 1996 1996
119603042 1996 1996
119604007 1996 1996
119604005 1996 1996
119604002 1996 1996
119604004 1996 1996
119604007 1996 1996
119604018 1996 1996
119604012 1996 1996
119605001 1996 1996
119605033 1996 1996
119605005 1996 1996
119605014 1996 1996
119605001 1996 1996
119605003 1996 1996
119605001 1996 1996
119605023 1996 1996
119605027 1996 1996
119605039 1996 1996
119606007 1996 1996
119606001 1996 1996
119606003 1996 1996
119606006 1996 1996
119606007 1996 1996
119606024 1996 1996
119606028 1996 1996
119606057 1996 1996
119607021 1996 1996
119607031 1996 1996
119607056 1996 1996
119608008 1996 1996
119608002 1996 1996
119608010 1996 1996
119609022 1996 1996
119609132 1996 1996
119609014 1996 1996
119609022 1996 1996
119609051 1996 1996
119610009 1996 1996
119610026 1996 1996
119610044 1996 1996
119610215 1996 1996
119610028 1996 1996
119610038 1996 1996
119610009 1996 1996
119610014 1996 1996
119611014 1996 1996
119611016 1996 1996
119611016 1996 1996
119611023 1996 1996
119611059 1996 1996
119611022 1996 1996
119611023 1996 1996
119611010 1996 1996
119611016 1996 1996
119612003 1996 1996
119612006 1996 1996
119612010 1996 1996
119612122 1996 1996
119612001 1996 1996
119612030 1996 1996
119612038 1996 1996
119701012 1997 1997
119701008 1997 1997
119701014 1997 1997
119701017 1997 1997
119701047 1997 1997
119701063 1997 1997
119701008 1997 1997
119702014 1997 1997
119702052 1997 1997
119702004 1997 1997
119702014 1997 1997
119702027 1997 1997
119702015 1997 1997
119702027 1997 1997
119702034 1997 1997
119703020 1997 1997
119703197 1997 1997
119703009 1997 1997
119703017 1997 1997
119703019 1997 1997
119704001 1997 1997
119704020 1997 1997
119704037 1997 1997
119704045 1997 1997
119704008 1997 1997
119705038 1997 1997
119705003 1997 1997
119705003 1997 1997
119705027 1997 1997
119705037 1997 1997
119705038 1997 1997
119705055 1997 1997
119706021 1997 1997
119706021 1997 1997
119706088 1997 1997
119706126 1997 1997
119706017 1997 1997
119706019 1997 1997
119706026 1997 1997
119706070 1997 1997
119706074 1997 1997
119707220 1997 1997
119707006 1997 1997
119707036 1997 1997
119709032 1997 1997
119709028 1997 1997
119709090 1997 1997
119709154 1997 1997
119709053 1997 1997
119709067 1997 1997
119709074 1997 1997
119709038 1997 1997
119710022 1997 1997
119710014 1997 1997
119710039 1997 1997
119710062 1997 1997
119710063 1997 1997
119711068 1997 1997
119711026 1997 1997
119711048 1997 1997
119712021 1997 1997
119712116 1997 1997
119712198 1997 1997
119712003 1997 1997
119712044 1997 1997
119712039 1997 1997
119801011 1998 1998
119801018 1998 1998
119801005 1998 1998
119801027 1998 1998
119801103 1998 1998
119801123 1998 1998
119801007 1998 1998
119801011 1998 1998
119801020 1998 1998
119801024 1998 1998
119801030 1998 1998
119801039 1998 1998
119801001 1998 1998
119801025 1998 1998
119802003 1998 1998
119802005 1998 1998
119802011 1998 1998
119802031 1998 1998
119802037 1998 1998
119802001 1998 1998
119802021 1998 1998
119802037 1998 1998
119802049 1998 1998
119802058 1998 1998
119803028 1998 1998
119803009 1998 1998
119803056 1998 1998
119803177 1998 1998
119803002 1998 1998
119803025 1998 1998
119803030 1998 1998
119803035 1998 1998
119803046 1998 1998
119803030 1998 1998
119804023 1998 1998
119804002 1998 1998
119804008 1998 1998
119804024 1998 1998
119804009 1998 1998
119804015 1998 1998
119804017 1998 1998
119804024 1998 1998
119804028 1998 1998
119804068 1998 1998
119804078 1998 1998
119804010 1998 1998
119805005 1998 1998
119805013 1998 1998
119805015 1998 1998
119805067 1998 1998
119805135 1998 1998
119805016 1998 1998
119805024 1998 1998
119805023 1998 1998
119805031 1998 1998
119805061 1998 1998
119806016 1998 1998
119806034 1998 1998
119806044 1998 1998
119806025 1998 1998
119806026 1998 1998
119806029 1998 1998
119806030 1998 1998
119806044 1998 1998
119806080 1998 1998
119806102 1998 1998
119807116 1998 1998
119807128 1998 1998
119807035 1998 1998
119807038 1998 1998
119807072 1998 1998
119807054 1998 1998
119808004 1998 1998
119808047 1998 1998
119808011 1998 1998
119808021 1998 1998
119808004 1998 1998
119808018 1998 1998
119809004 1998 1998
119809015 1998 1998
119809025 1998 1998
119809020 1998 1998
119809085 1998 1998
119809125 1998 1998
119809016 1998 1998
119809004 1998 1998
119809013 1998 1998
119809015 1998 1998
119809025 1998 1998
119809087 1998 1998
119809095 1998 1998
119809001 1998 1998
119810037 1998 1998
119810044 1998 1998
119810049 1998 1998
119810058 1998 1998
119810002 1998 1998
119810005 1998 1998
119810010 1998 1998
119810012 1998 1998
119810017 1998 1998
119810022 1998 1998
119810075 1998 1998
119811024 1998 1998
119811008 1998 1998
119811172 1998 1998
119811193 1998 1998
119811013 1998 1998
119811031 1998 1998
119811038 1998 1998
119811079 1998 1998
119811087 1998 1998
119811096 1998 1998
119811046 1998 1998
119811006 1998 1998
119812001 1998 1998
119812012 1998 1998
119812028 1998 1998
119812041 1998 1998
119812080 1998 1998
119812073 1998 1998
119901015 1999 1999
119901004 1999 1999
119901004 1999 1999
119901021 1999 1999
119901016 1999 1999
119901018 1999 1999
119901023 1999 1999
119901052 1999 1999
119901109 1999 1999
119901005 1999 1999
119901021 1999 1999
119901026 1999 1999
119901032 1999 1999
119901041 1999 1999
119901052 1999 1999
119901063 1999 1999
119901098 1999 1999
119901005 1999 1999
119901062 1999 1999
119902172 1999 1999
119902002 1999 1999
119902007 1999 1999
119902020 1999 1999
119902055 1999 1999
119903009 1999 1999
119903039 1999 1999
119903004 1999 1999
119903006 1999 1999
119903019 1999 1999
119903030 1999 1999
119903039 1999 1999
119903063 1999 1999
119903075 1999 1999
119903080 1999 1999
119904022 1999 1999
119904008 1999 1999
119904021 1999 1999
119904006 1999 1999
119904015 1999 1999
119904020 1999 1999
119904021 1999 1999
119904041 1999 1999
119904049 1999 1999
119904055 1999 1999
119904066 1999 1999
119904008 1999 1999
119905005 1999 1999
119905072 1999 1999
119905013 1999 1999
119905015 1999 1999
119905025 1999 1999
119905027 1999 1999
119905032 1999 1999
119905040 1999 1999
119906027 1999 1999
119906001 1999 1999
119906004 1999 1999
119906009 1999 1999
119906003 1999 1999
119906008 1999 1999
119906028 1999 1999
119906034 1999 1999
119906056 1999 1999
119907014 1999 1999
119907026 1999 1999
119907037 1999 1999
119907051 1999 1999
119907073 1999 1999
119908005 1999 1999
119908052 1999 1999
119908013 1999 1999
119908023 1999 1999
119908013 1999 1999
119908014 1999 1999
119908044 1999 1999
119908052 1999 1999
119909085 1999 1999
119909001 1999 1999
119909001 1999 1999
119909103 1999 1999
119909221 1999 1999
119909011 1999 1999
119909018 1999 1999
119909035 1999 1999
119909078 1999 1999
119909082 1999 1999
119910038 1999 1999
119910021 1999 1999
119910095 1999 1999
119910187 1999 1999
119910016 1999 1999
119910019 1999 1999
119910029 1999 1999
119910035 1999 1999
119910036 1999 1999
119910056 1999 1999
119910064 1999 1999
119910004 1999 1999
119911486 1999 1999
119911035 1999 1999
119911011 1999 1999
119911024 1999 1999
119911026 1999 1999
119911035 1999 1999
119911055 1999 1999
119911100 1999 1999
119911225 1999 1999
119911242 1999 1999
119911020 1999 1999
119911019 1999 1999
119911035 1999 1999
119911055 1999 1999
119911055 1999 1999
119912005 1999 1999
119912035 1999 1999
119912054 1999 1999
119912020 1999 1999
119912028 1999 1999
119912013 1999 1999
119912012 1999 1999
119912033 1999 1999
119912035 1999 1999
119912044 1999 1999
119912046 1999 1999
119912063 1999 1999
119912013 1999 1999
0111002 2000 2000
0111019 2000 2000
0111060 2000 2000
0111002 2000 2000
0111007 2000 2000
0111023 2000 2000
0111060 2000 2000
0111197 2000 2000
0111033 2000 2000
0111019 2000 2000
0111023 2000 2000
0111046 2000 2000
0112089 2000 2000
0112089 2000 2000
0112163 2000 2000
0112002 2000 2000
0112004 2000 2000
0112005 2000 2000
0112020 2000 2000
0112030 2000 2000
0112039 2000 2000
0112053 2000 2000
0112054 2000 2000
0113011 2000 2000
0113020 2000 2000
0113070 2000 2000
0113023 2000 2000
0113005 2000 2000
0113023 2000 2000
0113024 2000 2000
0113046 2000 2000
0114075 2000 2000
0114011 2000 2000
0114003 2000 2000
0114016 2000 2000
0114134 2000 2000
0114010 2000 2000
0114010 2000 2000
0114001 2000 2000
0114011 2000 2000
0114013 2000 2000
0114016 2000 2000
0114020 2000 2000
0114049 2000 2000
0114002 2000 2000
0115218 2000 2000
0115012 2000 2000
0115025 2000 2000
0115004 2000 2000
0115005 2000 2000
0115007 2000 2000
0115032 2000 2000
0115059 2000 2000
0115067 2000 2000
0115033 2000 2000
0115083 2000 2000
0116021 2000 2000
0116020 2000 2000
0116022 2000 2000
0116029 2000 2000
0116022 2000 2000
0116014 2000 2000
0116017 2000 2000
0116018 2000 2000
0116021 2000 2000
0116030 2000 2000
0116036 2000 2000
0116068 2000 2000
0116071 2000 2000
0116024 2000 2000
0117022 2000 2000
0117024 2000 2000
0117044 2000 2000
0117008 2000 2000
0117009 2000 2000
0117029 2000 2000
0117054 2000 2000
0117060 2000 2000
0117025 2000 2000
0118008 2000 2000
0118027 2000 2000
0118175 2000 2000
0118188 2000 2000
0118003 2000 2000
0118006 2000 2000
0118017 2000 2000
0118027 2000 2000
0118032 2000 2000
0118064 2000 2000
0118051 2000 2000
0119003 2000 2000
0119017 2000 2000
0119022 2000 2000
0119023 2000 2000
0119032 2000 2000
0119037 2000 2000
0119199 2000 2000
0119002 2000 2000
0119008 2000 2000
0119059 2000 2000
0119072 2000 2000
0119018 2000 2000
1110040 2000 2000
1110048 2000 2000
1110032 2000 2000
1110185 2000 2000
1110015 2000 2000
1110019 2000 2000
1110032 2000 2000
1110048 2000 2000
1110051 2000 2000
1110066 2000 2000
1110104 2000 2000
1110003 2000 2000
1110008 2000 2000
1111015 2000 2000
1111075 2000 2000
1111035 2000 2000
1111036 2000 2000
1111073 2000 2000
1111181 2000 2000
1111024 2000 2000
1111088 2000 2000
1112009 2000 2000
1112005 2000 2000
1112009 2000 2000
1112021 2000 2000
1112047 2000 2000
1112049 2000 2000
1112182 2000 2000
1112002 2000 2000
1112003 2000 2000
1112004 2000 2000
1112005 2000 2000
1112006 2000 2000
1112007 2000 2000
1112011 2000 2000
1112012 2000 2000
1112023 2000 2000
1112067 2000 2000
1112021 2000 2000
11101014 2001 2001
11101126 2001 2001
11101001 2000 2000
11101006 2000 2001
11101013 2001 2001
11101024 2001 2001
11101036 2001 2001
11101055 2001 2001
11101001 2000 2000
11102002 2001 2001
11102003 2001 2001
11102013 2001 2001
11102020 2001 2001
11102024 2001 2001
11102101 2001 2001
11103022 2001 2001
11103033 2001 2001
11103038 2001 2001
11103039 2001 2001
11103122 2001 2001
11103008 2001 2001
11103010 2001 2001
11103011 2001 2001
11103027 2001 2001
11103091 2001 2001
11103011 2001 2001
11104085 2001 2001
11104006 2001 2001
11104006 2001 2001
11104023 2001 2001
11104030 2001 2001
11104045 2001 2001
11104046 2001 2001
11104053 2001 2001
11104066 2001 2001
11104088 2001 2001
11104054 2001 2001
11105028 2001 2001
11105048 2001 2001
11105072 2001 2001
11106002 2001 2001
11106020 2001 2001
11106022 2001 2001
11106022 2001 2001
11106044 2001 2001
11106051 2001 2001
11106054 2001 2001
11106058 2001 2001
11106143 2001 2001
11106152 2001 2001
11106174 2001 2001
11106274 2001 2001
11106038 2001 2001
11106041 2001 2001
11106018 2001 2001
11106082 2001 2001
11106167 2001 2001
11107020 2001 2001
11107022 2001 2001
11107004 2001 2001
11107020 2001 2001
11107042 2001 2001
11107124 2001 2001
11107246 2001 2001
11107016 2001 2001
11107025 2001 2001
11107033 2001 2001
11107034 2001 2001
11107069 2001 2001
11107022 2001 2001
11108015 2001 2001
11108025 2001 2001
11108010 2001 2001
11108025 2001 2001
11108184 2001 2001
11108029 2001 2001
11108005 2001 2001
11108006 2001 2001
11108056 2001 2001
11108027 2001 2001
11108028 2001 2001
11108009 2001 2001
11109004 2001 2001
11109004 2001 2001
11109016 2001 2001
11109097 2001 2001
11109004 2001 2001
11109026 2001 2001
11109068 2001 2001
11110016 2001 2001
11110162 2001 2001
11110057 2001 2001
11110225 2001 2001
11110237 2001 2001
11110285 2001 2001
11110004 2001 2001
11110006 2001 2001
11110016 2001 2001
11110022 2001 2001
11110024 2001 2001
11110027 2001 2001
11110034 2001 2001
11110051 2001 2001
11110073 2001 2001
11110075 2001 2001
0111002 2001 2000
0111006 2001 2000
0111007 2001 2000
0111009 2001 2000
0111010 2001 2000
0111011 2001 2000
0111014 2001 2000
0111015 2001 2000
0111019 2001 2000
0111020 2001 2000
0111021 2001 2000
0111022 2001 2000
0111023 2001 2000
0111024 2001 2000
0111028 2001 2000
0111029 2001 2000
0111033 2001 2000
0111035 2001 2000
0111036 2001 2000
0111037 2001 2000
0111040 2001 2000
0111043 2001 2000
0111044 2001 2000
0111045 2001 2000
0111046 2001 2000
0111047 2001 2000
0111051 2001 2000
0111052 2001 2000
0111053 2001 2000
0111057 2001 2000
0111060 2001 2000
0111062 2001 2000
0111063 2001 2000
0111064 2001 2000
0111067 2001 2000
0111068 2001 2000
0111071 2001 2000
0111084 2001 2000
0111093 2001 2000
0111094 2001 2000
0111097 2001 2000
0111112 2001 2000
0111113 2001 2000
0111121 2001 2000
0111123 2001 2000
0111126 2001 2000
0111137 2001 2000
0111140 2001 2000
0111156 2001 2000
0111159 2001 2000
0111160 2001 2000
0111162 2001 2000
0111167 2001 2000
0111181 2001 2000
0111190 2001 2000
0111197 2001 2000
0111209 2001 2000
0111213 2001 2000
0111233 2001 2000
0111252 2001 2000
0111258 2001 2000
0111317 2001 2000
0111441 2001 2000
0111467 2001 2000
11111055 2001 2001
11111056 2001 2001
11111056 2001 2001
11111056 2001 2001
11111166 2001 2001
11111005 2001 2001
11111021 2001 2001
11111024 2001 2001
11111052 2001 2001
11111082 2001 2001
11111134 2001 2001
0112001 2001 2000
0112002 2001 2000
0112003 2001 2000
0112004 2001 2000
0112005 2001 2000
0112007 2001 2000
0112008 2001 2000
0112011 2001 2000
0112014 2001 2000
0112018 2001 2000
0112019 2001 2000
0112020 2001 2000
0112021 2001 2000
0112023 2001 2000
0112024 2001 2000
0112025 2001 2000
0112027 2001 2000
0112028 2001 2000
0112030 2001 2000
0112032 2001 2000
0112034 2001 2000
0112035 2001 2000
0112038 2001 2000
0112039 2001 2000
0112040 2001 2000
0112042 2001 2000
0112044 2001 2000
0112045 2001 2000
0112051 2001 2000
0112053 2001 2000
0112054 2001 2000
0112058 2001 2000
0112059 2001 2000
0112061 2001 2000
0112062 2001 2000
0112063 2001 2000
0112071 2001 2000
0112072 2001 2000
0112073 2001 2000
0112078 2001 2000
0112083 2001 2000
0112087 2001 2000
0112089 2001 2000
0112091 2001 2000
0112102 2001 2000
0112106 2001 2000
0112127 2001 2000
0112153 2001 2000
0112161 2001 2000
0112163 2001 2000
0112164 2001 2000
0112182 2001 2000
0112190 2001 2000
0112203 2001 2000
0112206 2001 2000
0112215 2001 2000
0112243 2001 2000
0112245 2001 2000
0112248 2001 2000
0112251 2001 2000
0112278 2001 2000
0112307 2001 2000
0112360 2001 2000
11112016 2001 2001
11112032 2001 2001
11112044 2001 2001
11112015 2001 2001
11112020 2001 2001
11112030 2001 2001
11112032 2001 2001
11112045 2001 2001
11112047 2001 2001
11112079 2001 2001
11112182 2001 2001
11112015 2001 2001
11112027 2001 2001
11112064 2001 2001
11201063 2002 2002
11201098 2002 2002
11201235 2002 2002
11201237 2002 2002
11201018 2002 2002
11201011 2002 2002
11201014 2002 2002
11201015 2002 2002
11201017 2002 2002
11201021 2002 2002
11201041 2002 2002
11201042 2002 2002
11201062 2002 2002
11201010 2002 2002
11202012 2002 2002
11202009 2002 2002
11202012 2002 2002
11202066 2002 2002
11202012 2002 2002
11202018 2002 2002
11202019 2002 2002
11202039 2002 2002
11202052 2002 2002
11202082 2002 2002
11203006 2002 2002
11203005 2002 2002
