202070
202071
202073
9901402
9901403
202076
202077
202078
9901407
9901409
9901410
202083
9907464
9901413
9901414
9901415
9902378
9901416
9901418
12003
202091
9901420
12007
2187
9901422
9901423
9901424
202098
9901427
9901428
9901429
9901430
9901431
202104
202105
9901434
109265
12010
9901437
9901438
9901439
9901440
9902379
9901442
202115
202116
202117
12012
9901447
109277
9901448
202121
9901450
202123
9901452
202125
9901454
109289
11009
9903254
12006
11039
9902382
11045
9904213
11057
11069
202217
11087
1001
1002
1003
1004
1005
1006
1007
1008
1009
9902384
1011
1013
1014
1015
1016
1017
1019
1020
1021
1022
1023
1024
1025
1026
1027
1028
1029
1030
1031
1032
1033
1034
1035
1037
1038
1039
1040
1041
1042
1043
1044
1045
1046
1047
1048
1049
1050
1052
1053
1054
1055
1056
1057
1058
1059
1060
1061
1062
1063
1064
1065
1066
1068
1069
1070
1071
1072
1073
1074
1075
1076
1078
1079
1080
1081
1082
1083
1084
1086
1087
1088
1089
1090
1092
1093
1095
1096
1098
1099
1100
1101
1102
1103
1104
1105
1106
1107
1108
1109
1110
1111
1112
1113
1114
1115
1117
1118
1119
1120
1121
1122
1123
1124
1126
1127
1128
1129
1130
1131
1132
1133
1134
1135
1136
1140
1141
1142
1143
1145
1146
1147
1148
1149
1150
1151
1152
1153
1154
1155
1156
1157
1158
1159
1160
1161
1162
1163
1164
1165
1166
11117
1168
1169
1170
1171
1172
1173
1174
1175
1177
1178
1179
1180
1181
1182
1183
1184
1185
1186
1187
1188
1189
1190
1191
1192
1193
1194
1195
1196
1197
1200
1201
1202
1203
1204
1205
1206
1207
1208
1209
1211
1212
1213
1214
1215
1216
1218
1219
1221
1222
1224
1225
1226
1227
1229
1230
1231
1232
1233
1234
1235
1236
1237
1238
11129
1240
1241
1242
1243
1244
1245
1246
1247
1248
1249
1250
1251
1252
1253
1254
1255
1256
1257
1258
1259
1260
1261
1262
1264
1266
1267
1268
1269
1270
1271
1272
1273
1274
1275
1276
1279
1280
1281
1283
1284
1285
1286
1287
1288
1289
1290
1291
1292
1293
1294
1295
1296
1297
1298
1299
1300
1301
1302
1303
1304
1306
1307
1308
1309
1310
1311
1312
1313
1317
1318
1319
1320
1321
1322
1323
1324
1325
1326
1327
1329
1330
1331
1332
1333
1334
1335
9907506
12049
11159
12050
11165
12051
11171
11189
104033
9902388
9903261
12013
11201
12060
12062
12063
203011
203012
9902390
9903263
104087
2247
9903296
11249
104093
2001
2002
2003
2004
2006
2007
2008
2009
2011
2012
2013
2014
2016
2017
2018
2021
2022
2023
2024
2025
2026
2027
2029
2031
2032
2033
2034
2035
2036
2038
2039
2040
2041
2042
2043
2044
2045
2046
2047
2048
2049
2050
2051
2052
2053
2054
2055
2057
2058
2059
2060
2061
2062
2063
2064
2065
2066
11267
2069
2070
2071
2072
2073
2074
2075
2076
2077
2078
2079
2080
2081
2082
2084
11270
2086
2088
2089
2090
9907207
2094
2095
2096
2097
2098
2099
2100
2101
2102
2103
2104
2105
2106
2107
2108
2109
2110
2112
2113
2114
2115
2116
2117
2118
2119
2120
2121
2122
2123
2125
2126
2127
2128
2129
2130
2131
2132
2133
2134
2135
2136
2137
2138
2140
2141
9902467
2143
2144
11280
2146
2147
2148
2149
2150
2151
2152
2153
2154
2155
2156
11282
2158
2159
2160
2161
2162
2163
2164
2165
2166
2167
2168
2169
2170
2171
2172
2173
2174
2175
2176
2177
2178
2180
2181
2182
2183
2184
2186
11287
2188
2189
2190
2191
2192
2193
2194
2195
2197
2198
2199
2200
2201
2202
2203
2204
2205
2206
2207
2208
2209
2210
2211
2212
2213
2214
2215
2216
9907228
2218
2219
2220
2221
2222
2223
2224
2226
2227
2228
2229
2232
2233
2234
2235
2236
2237
2238
2239
2240
2241
2242
2243
2245
2246
11297
2248
2249
2250
2252
2253
2254
2255
2256
2257
2258
2259
2260
2261
2262
2263
2264
2265
2266
2267
2268
2269
2270
2271
2272
2273
2274
2275
2276
11302
2278
2279
2280
2281
2282
2283
2284
2285
2286
2287
2288
11304
2290
104147
2292
2293
2294
9907241
2296
2297
2298
2299
2300
2301
2302
2303
2305
11307
9907244
11309
9907246
9907247
9907248
203028
11313
11315
9907252
12081
9907254
11319
11320
11321
11323
9907260
11325
9907262
9907265
11331
11332
11333
9907270
11335
9907272
12085
9907273
12311
9907275
11340
104183
9907277
12086
11342
11343
11344
11345
203035
9907284
11349
9907287
9907289
11354
11355
11357
9907294
9907295
9907296
9907297
9907298
11363
9907300
104207
11365
9902395
9907302
9907304
9907305
9907306
11371
12092
101001
101002
101003
101004
101005
101006
203040
101009
101010
101011
101012
11374
101014
101015
101016
101017
101019
101020
101021
101022
101023
101024
101025
101026
101027
101028
101029
101030
101031
101032
101033
101034
101035
9907314
101039
101040
101041
101042
101043
101044
101045
101046
101047
101048
101049
101050
101051
101052
101053
9907317
101056
101057
101058
101059
101060
9907318
101063
101065
101066
11383
101068
101070
101071
101072
101073
101074
101075
101076
101077
101078
101079
101080
101081
101082
101083
101085
101086
101087
101088
101089
101090
101091
101092
101093
101094
101095
9902430
101097
101098
101099
101100
101101
101102
101103
101104
101105
101106
101107
101108
11390
101110
101111
101112
101113
101114
101115
101116
101117
101118
101119
101120
101121
101122
101123
101124
101125
101126
101127
101128
101129
101130
101131
101132
101133
101134
101135
101136
101137
101138
101139
101140
101141
101142
101143
101144
101145
101146
101147
101148
101149
101150
101151
101152
101153
101154
101158
101159
101160
101161
101162
101163
101164
101165
101166
101167
101168
101169
101170
101171
101172
101173
101174
101175
101176
101177
101178
101179
101180
101181
101182
101183
101184
101185
101187
101188
101189
101190
101191
101192
101193
101194
101195
101196
101197
101198
101199
101200
101201
101202
101204
101205
101206
101207
101208
101210
101211
101212
101213
101214
101215
101216
101217
101218
101219
101220
101221
101223
101224
101225
101226
101227
101228
101229
101230
101231
101232
101233
101234
101235
101236
101237
101239
101241
101242
101243
101244
101245
101246
101247
101248
101249
101250
101251
101252
101253
101254
101255
101256
101257
101258
101259
101260
101261
101262
101263
101264
101265
101266
101267
101268
101269
101270
101272
101273
101274
101275
101276
101277
101278
101279
101280
101281
101282
101283
101284
101286
101287
101289
101290
101291
101292
101293
101294
101295
101296
101297
101299
101300
101301
101302
101303
101304
101305
101306
3003
3004
101309
3006
3007
3008
101313
3010
101315
101316
3013
101318
101319
101320
101321
3018
101323
3020
3021
3022
3023
3024
3025
3026
3027
3028
101333
101334
101335
3032
3033
3034
3035
101340
3038
3039
101344
101345
3042
101347
101348
3045
3046
101351
3048
3049
101354
3051
3052
3053
3055
3056
3057
3058
3059
3060
3061
3063
3064
3065
3066
3067
3068
3069
3070
3071
3072
3073
3075
3076
3077
3078
3079
3080
3081
3082
3084
3085
3086
3087
3088
3089
3090
3091
3092
3093
3095
3096
3097
3098
3099
3100
3101
3102
3103
3104
3105
3106
3107
3108
3109
3110
3111
3113
3114
3115
3116
3117
3118
3119
3120
3121
3122
3123
3124
110308
3127
3129
3130
3131
3132
3133
3134
3135
3136
3137
3138
3139
3140
3141
3142
3143
3144
3145
3146
3147
3148
3149
3150
3151
3152
3154
3155
3156
3157
3158
3159
3160
3161
3162
3163
3165
3166
3167
3168
3169
3170
3171
3172
3173
3174
3175
3176
3177
3178
3179
3180
3181
3183
3184
110310
3186
3187
3188
3189
3190
3191
3192
3193
3195
3196
3197
3198
3199
3200
3201
3202
3203
3204
3205
3206
3207
3208
3209
3210
3211
3212
3213
3214
3215
3216
3217
3218
3219
3220
3221
3222
3223
3224
3225
3226
3227
3228
3229
3230
3231
3232
3233
3234
3235
3236
3237
3238
3239
3240
3241
3242
3244
104306
3246
3247
3248
3249
3250
3251
3252
3253
3254
3256
3257
3258
3259
3260
3261
3262
104309
3264
3265
3266
3267
3268
3269
3270
3271
3272
3273
3274
3275
3276
3277
3278
3279
3281
3282
3283
3284
3285
3286
3287
3289
3291
3292
3293
3294
3295
3296
3297
3298
3299
3300
3301
3302
3303
3304
3305
3306
3307
3309
3310
6013
3312
3313
3314
3315
3316
3317
3318
3319
3320
3321
3322
3323
3324
3325
3326
3327
3328
3329
203063
9903210
6059
9903216
9903217
203071
9903218
6071
9903219
102001
102003
102004
102005
102006
102008
102009
102010
102011
102012
102013
102014
102015
102016
102017
102018
102019
102020
102021
102022
102023
102025
102026
102027
102028
102029
102030
102031
102032
102033
102035
102036
102037
102038
102039
102040
102041
102042
102043
102044
102045
102046
102047
102048
102049
102050
102051
102052
102053
102054
102055
102056
102057
102058
102059
102060
102061
102063
102064
102065
102066
102067
102068
102069
102070
102071
102072
102074
102075
102076
102077
102078
102079
102080
102081
102082
102083
102085
102086
102087
102088
102089
102090
102091
102092
102093
102094
102095
102096
102097
102098
102099
102100
102101
102102
102103
102105
102106
9903223
102108
102109
102110
102111
102112
102113
102114
102115
102116
102117
102118
102119
102120
102121
102122
102123
102124
102125
102126
102127
102128
102130
102131
102132
102133
102134
102135
102136
102137
102138
102139
102140
102141
102143
102144
102145
102146
102147
102148
102149
102150
102151
102152
102153
102154
102155
102156
102157
102158
102159
102160
102161
102162
102163
102164
102165
102166
102167
102168
102169
102170
102171
102172
102173
102174
102175
102176
102177
102178
102179
102180
102181
102182
102183
102184
102186
102187
102188
102189
102190
102191
102192
102193
102194
102195
102196
102197
102198
102199
102200
102201
102202
102203
102204
102205
102206
102207
102208
102209
102210
102211
102212
102213
102214
102215
102216
102217
102218
102219
102220
102221
102222
102223
102224
102225
102226
102227
102228
102229
102230
102231
102232
102233
102234
102235
102236
102237
102238
102239
102241
102242
102243
102245
102246
102247
102248
102249
102250
6119
102252
102253
102254
102255
102256
102257
102258
102259
102260
102261
102262
102263
102264
102265
102266
102267
102269
102270
102271
102272
102273
102274
102275
102276
102277
102278
102279
102280
102281
102283
102284
102285
102287
102288
102289
102290
102291
102292
102293
102294
102295
102297
102299
102300
102301
102303
102304
4001
102306
102307
102308
4005
4006
4007
102312
102313
4010
102315
102316
102317
102318
102319
102320
102321
4018
102323
102324
102325
102326
4023
102328
4025
4026
102331
4028
4029
102334
4031
102336
102337
4034
4035
4036
4037
102342
102343
102344
102345
4042
4043
4044
4045
4046
4047
4048
4049
4050
4051
4052
4053
203085
4055
4056
4057
4058
4059
4060
4061
4062
4063
4064
4065
4066
4067
4068
4069
4070
4071
4072
4073
4074
4075
4077
4078
4081
4082
4083
4084
4085
4086
4087
4088
4090
4091
4092
4093
4094
4095
4096
4097
4098
4100
4101
4102
4103
4105
4106
4107
4108
4109
4110
4111
4113
4114
4115
4116
4118
4119
4120
4122
4123
4124
4126
4127
4128
4129
4130
4132
4133
9903234
4135
4136
4137
4138
4139
4140
4141
4143
4144
4145
4146
4147
4148
4149
4150
4151
4152
4153
4154
4155
4157
4159
4160
4161
4162
4163
4164
4165
4166
12141
4169
4170
4171
4172
4173
4174
4175
4176
4177
4178
9907555
4180
4181
4182
4183
4184
4185
4186
4188
4189
4190
4191
4192
4193
4194
4196
4197
4198
4199
4200
4201
4202
4203
4204
4205
4206
4207
4208
4209
4210
4211
4212
4213
4214
4215
4216
4217
4219
4220
4222
4223
4224
4225
4226
4227
4228
4229
4230
4232
4233
4234
4235
4236
4237
4238
4239
4240
4241
4242
4243
4244
4245
4246
4247
4248
4249
4250
4251
4252
4255
4256
4257
4258
4259
4260
4261
4262
4263
4264
4265
4266
4267
4268
4269
4270
4271
110347
9902208
6179
9902406
201001
201002
201003
201004
201005
201006
201007
201008
201009
201010
201011
201012
201013
201014
201015
201016
201017
201018
201019
201020
11397
201022
201023
201024
201025
201026
201027
201029
201030
201031
201032
201033
201034
201035
201036
201037
201039
201041
201042
201043
201044
201045
201046
201047
201048
201049
201051
201052
201053
201054
201055
201056
201059
201060
201061
201062
201063
201064
201065
201066
201068
201069
201071
201072
201073
201075
201076
201077
201078
201079
201080
201081
201082
201083
201084
201085
201086
201087
201088
201089
201090
201091
201092
201093
201094
201095
201096
201097
201098
201099
201100
201101
201103
201105
201106
201107
201109
201110
201111
201112
201113
201114
201115
201116
201117
201118
201119
201120
201121
201122
201123
201125
201126
201127
201128
201129
201130
201131
201132
201133
201134
201135
201136
201137
201139
201140
201141
201142
201143
201144
201145
201146
201147
201148
201149
201150
201151
201152
201155
201156
201157
201158
201159
201160
201161
201162
201163
201164
201165
201166
201167
201168
201169
201170
201171
201172
201173
201174
201175
201176
201177
201178
201179
201180
201181
201182
201183
201184
201185
201186
201187
201188
201189
201190
201191
9903249
201194
201195
201196
201197
201198
201199
201200
201201
203103
201203
201204
201205
201206
201207
201208
201209
201210
201211
201212
201214
201215
201216
201217
201218
201219
201220
201221
201222
9902408
201224
201225
201226
201227
201228
201229
201230
201231
201232
201233
201234
201236
201237
201238
201239
201240
201241
201242
201243
201244
201245
201246
201247
201248
201249
201250
201251
201252
201253
201254
201255
201256
201257
201258
201260
201261
201262
201264
201265
201266
201267
201268
201269
201271
201272
201273
201274
201275
201276
201277
201278
201280
201281
201282
201283
201284
201285
201286
201287
201288
201289
201290
201291
201292
201293
201294
201295
201296
201297
201298
201299
201300
201301
201302
201303
201304
103001
103002
201307
201308
103005
103006
103007
201312
201313
103010
103011
103012
103013
103014
103015
103016
103017
103018
103019
103020
103021
103022
103023
103024
103025
103026
103027
103028
103029
103030
103031
103032
103033
103034
103035
103036
103037
103038
103039
103040
103041
103042
103043
103044
103045
103046
103047
103048
103049
103050
103051
103052
103053
103054
103055
103056
103057
103058
103060
103061
103062
103063
103064
103065
103066
103067
103068
103069
103071
103072
103073
103074
103075
103076
103078
103079
103080
103081
103082
103083
103084
103085
103086
103087
103088
103089
103090
103091
103092
103093
103094
103095
103096
103097
103098
103099
103100
103101
103102
103103
103104
103105
103106
103107
103108
103109
103110
103112
103113
103114
103115
103117
103119
103120
103121
103122
103123
103124
103125
103126
103127
103128
103129
103130
103131
103133
103134
103135
103136
103137
103138
9902203
103140
103141
103143
103144
103145
103147
103148
103149
103150
103151
103152
103154
103155
103156
103157
103158
103159
103160
103161
103162
103163
103164
103165
103166
103167
103168
103169
103170
103171
103172
103173
103174
103175
103177
103178
103179
103180
9902210
103182
103183
103184
103185
103186
103187
103189
103190
103191
103192
9902212
103194
103195
103196
103197
103198
103199
103200
103201
103202
103203
103204
9902214
103207
103208
103209
103210
103211
103212
103213
103214
103215
103216
103217
103218
103219
103220
103221
103223
103224
103225
103226
103227
103229
103230
103231
103232
103233
103234
103235
103236
103237
103238
103239
6284
103242
103243
103244
103245
103246
103247
103248
103249
103250
103251
103252
103253
103254
103255
103256
103257
103258
103259
103260
103261
103262
103263
103264
103265
103266
103267
103269
103270
103271
103272
103273
103274
103275
103276
103277
103278
103279
103280
103281
103282
103284
103285
103286
103287
103288
9902228
103290
103291
103292
103293
103294
103295
103296
103297
103298
103299
103300
6294
103302
103303
103304
103305
103306
103307
103308
103309
5006
5007
103312
5009
103314
5011
103316
5013
103318
5015
103320
103321
103322
5019
5020
5021
103326
5023
5024
5025
103330
5027
5028
103333
5030
103335
103336
6300
103338
5035
103340
5037
103342
103343
5040
103345
103346
5043
5044
5045
5046
5048
5049
5050
5051
5052
5053
5054
5055
5056
9902240
5059
5060
5061
5063
5064
9903265
5066
5067
5068
5069
5070
5071
5073
5074
5075
5076
5077
5078
5079
5080
6308
5082
5083
5084
5085
5086
5087
5088
5089
5090
5091
5092
5093
5094
5095
5096
5097
5098
5099
5101
5102
5103
5104
5105
5106
110374
5108
5109
5110
5111
5112
5113
5114
5115
5116
5117
5118
5120
5121
5122
5123
5124
5125
5126
5127
5129
5130
5131
5132
5133
5134
5135
5136
5137
5139
5140
5141
5142
5143
5144
5146
5147
5148
5149
5151
5152
9902256
5154
5155
5156
5157
5158
5159
5161
5162
5163
5164
9902258
5166
5167
5168
5169
5170
5171
5172
5173
5174
5175
5176
9902260
5179
5180
5181
5182
5183
5184
5185
5186
5188
5189
5190
5191
5193
5194
9902263
5196
5197
5198
5199
5200
9902264
5202
5203
5204
5205
5206
5207
5208
5209
5210
5211
5212
5213
5214
5215
5216
5217
5218
9902267
5220
5221
5222
5223
5224
9902268
5226
5227
5228
5229
5230
5231
5232
5233
5234
5235
5236
9902270
5238
5239
5240
5241
5242
5243
5244
5245
5246
5248
5249
5250
5251
5252
5253
5254
5255
5256
5258
5259
5260
5261
5262
5263
5264
9901201
5266
5267
9901204
5269
5270
9901207
9901208
9901209
9901210
5275
5276
5277
9901214
5279
5280
5281
5282
9901219
9901220
9901221
9901222
5287
5288
5289
5290
9902279
5292
9901229
5294
5295
5296
5297
5298
5299
9901236
5301
5302
5303
5304
9901241
9901242
9901243
5308
9901245
9901246
5311
5312
5313
9901250
5315
5316
9901253
9901254
5320
5321
5322
5323
9901260
5325
9901262
9901263
5328
9901265
5330
9901267
9902286
9901272
9901273
9902287
9901276
9901277
9901278
9901280
9901281
9901283
9901286
9901288
9901289
9901290
9901292
9902290
9901296
9901298
9901299
9901301
9901302
9901304
9901305
9901306
9901307
9901308
9901309
9901310
6357
9901312
9901313
9901314
9901315
9901316
9901317
9901318
9901319
9901320
9901321
9901322
6359
9901324
9901326
9901327
202001
202002
9901331
9901332
9901333
9901334
202007
202008
9901337
202010
202011
202012
202013
9901342
110384
202016
9901345
202018
202019
202020
202021
202022
202023
9901352
202025
202026
202027
9901356
9901357
9901358
202031
202032
202033
202034
9901363
202036
9901365
202038
202039
9901368
9901369
202042
202043
202044
202045
9901374
202047
202048
202049
202050
202051
202052
202053
202054
202055
202056
9901385
202058
9901387
9901388
9901389
202062
202063
202064
202065
202066
202067
202068
9901397
9901398
9901399
202072
9901401
202074
202075
9901404
9901405
9901406
202079
202080
202081
202082
9901411
202084
202085
202086
202087
202088
202089
202090
9901419
202092
202093
202094
202095
202096
202097
9901426
202099
202100
202101
202102
202103
9901432
9901433
202106
202107
202108
202109
202110
202111
202112
202113
202114
9901443
9901444
9901445
202118
202119
202120
9901449
202122
9901451
202124
9901453
202126
202127
202128
202129
202130
202131
202132
202134
202135
202136
202137
202138
202139
12039
202141
202142
202143
202144
202145
202146
202147
202149
202150
202152
202154
202155
202156
202157
202158
202159
202160
202161
202162
202163
202164
202165
202166
202167
202168
202169
202170
202172
202173
202174
202175
202176
202177
202178
202179
202180
202181
202182
202183
202185
202186
202187
202188
202189
202191
202193
202194
202195
202196
202197
202198
202199
202200
202201
202202
202203
202204
202205
202206
202207
202208
202209
202210
202211
202212
202213
202214
202215
202216
9902332
202218
202219
202220
202221
202222
202223
202224
202225
202226
202227
202228
202229
202230
202231
202232
202233
202234
202235
202236
202237
202238
202239
202240
202241
202242
202243
202244
202246
202247
202248
202249
202250
202251
202252
203010
202254
202255
202256
202257
202258
202259
202260
202261
202262
202263
202264
202265
202266
202267
202268
202269
202270
202271
202272
202275
202276
202277
202278
202279
110393
203017
9902346
104001
104002
104003
104004
104005
104006
104007
104008
104009
104010
104011
104012
104013
104014
104015
104016
104018
104019
104020
104021
104022
104023
104024
104025
104026
104027
104028
104029
104030
104031
104032
203024
104034
104035
104036
104037
104038
104039
104040
104041
104042
104043
104044
104045
104046
104047
104048
104049
104050
104051
104052
104053
104054
104055
104056
104057
104058
104059
104060
104061
104062
104063
104065
104066
104067
104068
104069
104070
104071
104072
104073
104074
104075
104076
104077
104078
104080
9902360
104082
104084
104085
104086
9902361
104088
104089
104090
104091
104092
9902362
104095
104096
104097
104098
104099
104100
104101
104102
104103
104104
203036
104106
104107
104108
104109
104110
104111
104112
104113
104114
104115
104116
104117
9902416
104120
104121
104122
104123
104124
104125
104126
104127
104128
104129
104130
104131
104132
104133
104134
104135
104136
104137
104138
104139
104140
104141
104142
104143
104144
104145
104146
9902371
104148
104149
104150
104151
104152
104153
104154
104155
104156
104157
104158
104159
104160
104161
104162
104163
104164
104165
104166
104167
104168
104169
104170
104171
104172
104173
104174
104175
104176
104177
104178
104179
104180
104181
104182
203049
104184
104185
104186
104187
104188
104189
104190
104191
104192
104193
104194
104195
104196
104197
104198
104199
104200
104201
104202
104203
104204
104205
104206
9902381
104208
9903293
104210
104211
104213
104214
104215
104216
104217
104218
203055
104220
104221
104225
104226
104227
104228
104229
104230
203057
104232
104233
104234
104235
104236
104237
104238
104239
104240
104241
104242
104243
104245
104246
104247
104249
104250
104251
104252
104253
104254
104255
104256
104257
104258
104259
104260
104261
104262
104263
104264
104265
104266
104267
104268
104269
104270
104271
104273
104274
104275
104276
104277
104278
104279
104280
104281
104282
104283
104284
104285
104286
104287
104288
104289
104290
104291
104292
104293
104294
104295
104296
203068
104298
104299
104300
104301
104302
104303
104304
6001
6002
6003
104308
6005
6006
6007
6008
6009
6010
104315
104316
104317
6014
6015
6016
6017
6018
6019
6021
6022
6023
6024
6025
6026
6027
6028
6029
6030
6031
6032
6033
6034
6035
6036
6038
6039
6040
6041
6042
6043
6045
6046
6047
6048
6049
6050
6051
6052
6053
6054
6055
6056
6057
6058
9902407
6060
6061
6062
6063
6064
6065
6066
6067
6068
6069
6070
203081
6072
6073
6074
6075
6076
6077
6078
6080
6081
6082
9902411
6084
6085
6086
6087
6088
9902412
6090
6091
6092
6093
6094
6095
6096
6097
6098
6099
6100
6101
6102
6103
6104
6105
6106
6107
6109
6110
6111
6112
6113
6114
6115
6116
6118
9902417
6120
6121
6122
6123
6124
6125
6126
6127
6128
6129
6130
9902419
6132
6133
6134
6135
6136
6137
6138
6140
6141
6142
6143
6144
6145
6146
6147
6148
6149
6150
6152
6153
6154
9902423
6156
6157
6158
6159
6160
6161
6162
6163
6164
6165
6166
6167
6168
6169
6170
6171
6172
6173
6174
6175
6176
6177
6178
203099
6180
6181
6182
6183
6184
6185
6186
6187
6189
6190
6192
6193
6194
6195
6196
6197
6198
6199
6200
6201
6202
6203
6204
6205
6206
6207
6209
6210
6211
6212
6213
6214
6215
6216
6217
6218
6220
203106
6222
6223
6224
6225
6226
6227
6228
6229
6230
6231
6232
6233
6234
6235
6236
6237
6238
9902437
6240
6241
6242
6244
6245
6246
6247
110412
6249
6250
6251
6252
6253
6254
6255
6256
6257
6258
6259
6260
6261
6262
6263
6264
9902201
9902202
6267
9902204
9902205
9902206
9902207
6272
6273
6274
6275
6276
6277
6278
9902215
6280
6281
9902218
6283
9902220
6285
9902222
9902223
6288
9902226
9902227
6292
6293
9902230
6295
9902232
9902233
9902234
6299
9902236
9902237
6302
9902239
6304
9902241
9902242
6307
9902244
6309
6310
6311
6312
6313
6314
9902251
6317
6318
6319
6320
6321
6322
9902259
6324
9902261
9902262
6327
6328
6329
9902266
6331
6332
6333
6334
6335
9902272
6337
9902274
6339
6340
6341
6342
6343
9902280
6345
6346
9902283
6348
9902285
6350
6351
6352
9902289
6354
9902291
9902292
9902293
9902294
9902295
9902296
9902297
9902298
9902299
9902300
9902301
9902302
9902303
9902304
9902305
9902306
9902307
9902308
9902309
9902310
9902311
9902312
9902313
9902314
9902315
9902316
9902318
9902319
9902320
9902321
9902322
9902323
9902324
9902325
9902326
9902327
9902328
203001
203002
203003
203004
203005
203006
9902335
203008
203009
9902338
9902339
9902340
203013
203014
9902343
9902345
203018
9902347
9902348
203021
9902350
203023
9902352
203025
9902354
203027
9902219
203029
203030
203031
203032
203033
203034
9902363
9902364
203037
203038
203039
9902368
203041
203042
203043
203044
203045
9902374
203047
203048
9902377
203050
203051
9902380
203053
203054
9902383
203056
9902385
203059
203060
203061
203062
9902391
203064
203065
203066
203067
9902396
203069
203070
9902399
203072
9902401
203074
203075
9902404
203077
203078
203079
203080
9902409
9902410
203083
203084
9902413
203086
203087
203088
203089
203090
203091
203092
203093
203094
203095
203096
203097
9902426
9902427
9902428
9902429
203102
110309
9902432
203105
9902434
203107
203108
203109
9902438
9902439
9902440
9902441
9902442
9902443
9902446
9902447
9902448
9902449
9902450
9902451
9902452
9902453
9902454
12009
9902456
9902457
9902458
9902459
9902460
9902461
9902462
9902463
9902464
9902465
110315
9902468
9902469
9902470
9902471
9902472
9902473
9902474
9902475
9902476
9902478
9902479
9902480
9902481
9902482
9902483
9902484
110318
9902211
12015
12016
110321
9902224
12018
12019
12020
110325
110326
12023
7027
12024
110329
12026
110331
12028
110333
110334
110335
110336
110337
12034
12035
12037
11134
105001
105002
105003
105004
105005
105006
105008
110344
105011
105012
105013
105014
105015
105016
105017
105018
105020
105021
105022
105023
105024
105025
105026
105027
105028
105029
105030
105031
105032
12044
105034
105035
105036
105037
105038
110349
105040
105041
105042
105043
105044
12046
105046
105047
105049
105050
12047
105052
105053
105054
105055
105056
105057
105058
105059
105060
105061
105062
105063
105064
105065
105066
105067
105068
105069
105070
105071
105072
105073
105074
105075
105076
105077
105078
105079
105080
110356
105082
105083
105084
105085
105086
105087
105088
105089
105090
105091
105092
105093
105094
105095
105096
105097
105098
105099
105100
105101
105102
105103
105104
105105
105106
105107
105108
105109
105110
105111
105113
105114
105115
105116
12058
105118
105119
105120
105121
105122
12059
105124
105125
105126
105127
105128
105129
105130
105131
105132
105133
105134
105135
105136
105137
105139
105140
105141
105142
105144
105145
105146
105147
105148
105149
105150
105151
105152
105153
105154
105155
105156
105157
105158
105159
105160
105161
105162
105163
105164
12066
105166
105167
105168
105169
105170
110371
105172
105173
105174
105175
105177
105178
105179
105180
105181
105182
105183
105185
105186
105187
105188
105189
105190
105191
105192
105193
105194
105195
105196
105197
105199
105200
110376
105204
105205
105206
105207
105209
105210
105212
105213
105214
105215
105216
105217
105218
110379
105220
105221
105222
105223
105224
110380
105226
105227
105228
105229
105230
105231
105232
105233
105234
105235
105236
110382
105238
105239
105240
105242
110383
105244
105245
105246
105247
105248
105249
105250
105251
105252
105253
105254
105255
105256
105257
105258
105259
105260
105261
105262
105263
105265
105266
105267
105268
105269
105270
105271
105272
105273
105274
105275
105276
105277
105278
105279
105280
105281
105282
105283
105284
105285
105286
105287
105288
105289
105290
12087
105292
105293
105294
105295
105296
105297
105298
105299
105300
105302
105303
105304
7001
105306
105307
105308
7005
7006
105311
7008
7009
7010
7011
7012
105317
105318
105319
105320
105321
7018
105323
7020
105325
105326
105327
7024
7025
105330
105331
105332
110398
105334
7031
7032
7033
7034
105339
105340
105341
7038
7039
105344
7041
105346
105347
105348
105349
7046
110401
7048
7049
7050
7051
7053
7054
7055
7056
7057
7058
7059
7060
7061
7062
7063
7065
7066
7067
7068
7069
7070
110405
7073
7075
7076
7077
7078
7079
7080
7081
7082
110407
7085
7086
7087
7088
7089
7090
7091
7092
7093
7094
7095
7096
7097
7098
7099
7100
7101
7102
7104
7105
7107
7108
7109
7110
7111
7112
7113
7116
7117
7118
110413
7120
7121
7122
7123
7124
110414
7126
7127
7129
7130
7131
7132
7133
7134
7135
7136
7137
7139
7140
7141
7142
12113
7144
7145
7146
7148
7149
7150
7151
7152
7153
7154
7155
7156
7157
7158
7159
7160
7161
7162
7163
7164
7165
7166
7167
7168
7169
7170
7171
7172
7173
7174
7175
7176
7177
7178
7179
7180
7181
7182
7183
7184
7185
7186
7187
7188
7189
7190
7191
7192
7193
7194
7195
7196
7197
7198
7199
7201
7202
7205
7206
7207
7208
7209
7210
7211
7212
7213
7214
7215
7216
7217
7218
7219
7220
7221
7222
7223
7224
7225
7226
7227
7228
7229
7230
9902246
7232
7233
7234
7235
7236
7237
7238
7239
7240
7242
7243
7244
7245
7246
7247
7248
7249
7250
7251
7252
7253
7254
7255
7256
7257
7258
7259
7260
9902247
7262
7263
7265
7266
7267
7268
7269
7270
9903207
7272
9903209
7274
9903211
9903212
9903213
9903214
9903215
7280
7281
7282
7283
9903220
9903221
7286
7287
9903224
7289
7290
7291
7292
9903229
9903230
7295
9903233
7298
7299
7300
9903237
9903238
9903239
7304
7305
9903242
7307
9903244
9903245
9903246
9903247
9903248
7313
7314
9903251
7316
9903253
7318
7319
7320
9903257
7322
9903259
9903260
7325
9903262
7327
7328
7329
7330
9903267
9903268
7333
9903270
7335
7336
9903273
9903274
7339
9903276
7341
7342
9903279
9903280
9903281
9903282
9903283
9903284
7349
9903286
9903287
9903288
9903289
7354
7355
9903292
7357
9903294
7359
7360
7361
9903298
9903299
9903300
9903301
9903302
9903303
9903304
9903305
9903306
9903307
9903308
9903309
9903310
9903312
9903313
9903314
9903315
9903318
9903319
9903322
9903323
9903324
9903325
9903326
9903327
9903328
9903329
9903330
9903331
9903332
9903333
9903334
9903335
9903337
9903338
9903339
9903340
9903341
9903342
9903343
9903344
9903345
9903346
9903347
9903348
9903350
9903352
9903353
9903354
9903355
9903356
9903357
9903358
9903359
9903360
9903361
9903362
9903363
9903364
9903365
9903366
9903367
9903368
9903369
9903370
9903371
9903372
9903374
9903375
9903376
9903377
9903378
9903379
9903380
9903381
9903382
9903383
9903384
9903385
9903386
9903387
9903388
9903389
9903390
9903393
9903394
9903395
9903396
9903397
9903398
9903399
9903400
9903402
9903403
9903404
9903405
9903406
9903407
9903408
9903409
9903410
9903411
9903412
9903413
9903414
9903416
9903417
9903418
9903419
9903420
9903421
9903422
9903423
9903424
9903425
9903426
9903427
9903428
9903429
9903431
9903432
9903433
9903434
9903435
9903436
9902255
9903438
9903439
9903440
9903441
9903442
9903443
9903444
9903445
9903446
9903447
9903448
9903449
9903450
9903451
9903452
9903453
9903454
9903455
9903456
9903457
9903458
9903459
9903460
9903462
9903463
9903464
9903465
9903466
9903467
9903468
9903469
9903470
9903471
9903472
9903473
9903474
9903475
9903476
9903477
9903478
9903479
9903480
9903481
9903483
9903484
9903485
9903486
9903487
9903488
9903489
9903490
9903492
9903493
9903494
9903495
9903496
9903497
9903498
9903499
9903500
9903501
9903502
9903503
9903504
9903505
9903506
9903507
9903508
9903509
9903510
9903511
9903512
9903513
9903515
9903516
9903517
9903518
9903519
9903520
9903521
9903523
9903524
9903525
9903527
9903528
9903530
9903531
9903532
9903533
9903534
9903535
9903536
9903537
9903538
9903539
9903540
9903541
9903542
9903543
9903544
9903545
9903546
9903547
9903548
9903549
9903550
9903551
9903552
9903553
9903554
105039
105045
106001
106002
106004
106005
106007
106008
106009
106010
106011
106012
106013
106014
106015
106016
106017
106018
106019
106020
106021
106022
106023
106024
106025
106026
106027
106028
106029
106030
106031
106033
106034
106035
106037
106038
106039
106040
106041
106042
106043
106044
106045
106046
106047
106048
106049
106050
106051
106052
106053
106054
106055
106056
106057
106058
106059
106060
106061
106062
106063
106064
106065
106066
106067
106068
106069
106070
106071
106072
106073
106074
106075
106077
106078
106079
106080
106081
106082
106083
106084
106085
106086
106088
106089
106090
106091
106092
106093
106094
106095
106096
106097
106098
106099
106100
106101
106102
106103
106104
106105
106106
106107
106108
106109
106110
106112
106113
106114
106115
106116
106118
106119
106120
106121
106122
106123
106124
106125
106126
106127
106128
106129
106130
106131
106132
105009
106134
106135
106136
106137
106138
106139
106140
106141
106142
106143
106144
106145
106146
106147
106148
106149
106151
106152
106153
106154
106155
106156
106157
106158
106159
106160
106161
106162
106163
106164
106165
106166
106168
106169
106170
106171
106172
106173
106174
106175
106176
106177
106178
106179
106180
106181
106182
106183
106184
106186
106187
106188
106189
106190
106191
106192
106193
106194
106195
106196
106197
106198
106199
106200
106201
106202
106203
106204
106205
106206
106207
106208
106209
106210
106211
106212
106213
106214
106216
106217
106218
106219
106220
106221
106222
106223
106224
106225
106226
106228
106229
106230
106231
106232
106233
106234
106235
106236
106237
106239
106240
106241
106242
106243
106244
106245
106246
106247
106248
106249
106250
106251
106252
106253
106254
106255
106256
106257
106258
106259
106260
106261
106262
106264
106265
106266
106267
106268
106269
106270
106272
106274
106275
106276
106277
106278
106279
106280
106281
106282
106283
106284
106285
106286
106287
106288
106291
106292
106293
106294
106295
106296
106297
106298
106299
106300
106301
106302
106303
106304
8001
106306
106307
8004
106309
8006
106311
8008
8009
106314
8011
8012
8013
106318
106319
106320
8017
106322
8019
8020
8021
8022
106327
106328
106329
106330
106331
106332
8029
106334
106335
106336
8033
8034
8035
8036
8037
8038
106343
106344
8041
9902273
8043
8044
8045
8046
106351
106352
8049
8050
106355
8052
8053
8054
8055
8056
8057
8058
8059
8060
8061
8062
8063
8064
8065
8066
12267
8068
8069
8070
8071
8072
8073
8074
8075
8076
8077
8078
12269
8080
8081
8082
8083
8084
8085
8086
8087
8088
8089
8090
8091
8092
8093
8094
8095
8096
8097
8099
8100
12272
8102
8103
8104
8105
8107
8108
8109
8110
105117
8113
8114
8115
8116
8117
8118
8119
8120
8121
8122
8123
8124
8125
8126
8127
8128
8129
8130
8131
8132
8133
8134
8135
8136
8138
8139
8140
8141
8142
8143
8144
8145
8146
105123
8148
8149
8150
8151
8152
8153
8154
8155
8156
8157
8158
8159
8160
8161
9902277
12283
8164
8165
8166
8167
8168
8169
8170
8171
8172
8173
8174
8175
8176
8177
8179
8180
9908222
8182
8183
8184
8186
12287
8188
8189
8190
8191
8192
8193
8195
8196
8197
8198
9908225
8200
8201
8202
8203
8204
8205
8206
8207
8208
8209
8210
9908227
8212
8213
8214
8215
8216
12292
8218
8220
8221
8222
8223
8224
8225
8226
8227
8228
8229
8230
8231
8232
8234
8235
8236
8237
8238
8239
9908232
8242
8243
8244
8245
8246
8247
8248
8249
8250
8251
8252
8253
8254
8255
8256
8258
9908235
8260
8261
8262
8263
8264
9904201
9904202
9904203
8268
8269
8270
8271
8272
9904209
9904210
9904211
8276
12302
8278
9904215
8280
12278
8282
9904219
9904220
9904221
8286
8287
8288
9904225
8290
8291
9904228
8293
8294
8295
9904232
9904233
9904234
9904235
9904236
8301
9904238
8303
9904240
8305
9904242
9904243
8308
8309
9904246
9904247
9904248
9904249
9904250
9904251
9904252
9904253
9904254
9904255
8320
8321
9904258
9904259
9904260
12310
9904262
8327
8328
9904265
9904266
9904267
9904268
8333
8334
9904271
8336
9904273
9904274
9904276
9904277
9904278
9904279
9904280
9904281
9904282
9904283
9904284
9904285
9904286
9904287
9904288
9904290
9904291
9904292
9904295
9904296
9904297
9904298
9904299
9904301
9904302
9904303
9904304
9904305
9904306
9902284
12318
9904310
9904311
9904312
9904313
12319
9904316
9904317
9904318
9904319
9904320
9904321
9904322
9904323
9904324
9904325
9904326
9908257
9904328
9904329
9904330
9904331
9904332
9904333
9904334
9904335
9904336
12282
9904338
9904340
9904344
12324
9904346
9904348
9904349
9904350
9904351
9904352
9904353
9904354
9904355
12326
9904358
9904360
9904361
9904362
9904363
9904364
9904365
9904366
9904367
9904368
9904369
9904370
9904371
9904373
9904374
9904375
9904376
9904377
9904378
9904379
9904380
12330
9904382
9904383
9904384
9904385
9904386
9904387
9904388
9904389
9904390
9904392
9904393
9904394
9904395
9904396
9904397
9904398
9904399
9904401
9904402
9904403
9904404
9904406
9904407
9904408
9904409
9904410
9904411
9904412
9904413
9904415
9904416
9904417
9904418
9904419
9904420
9904421
9904422
9908273
9904424
9904425
9904426
9904427
9904428
9904429
9904430
9904431
9904432
9904433
9904434
9904435
9904437
9904438
9904439
9904440
12340
9904442
9904443
9904444
9904445
9904446
9904447
9904448
9904449
9904450
9904451
9904452
9904454
9904455
9904456
9904457
9904458
9904459
9904460
9904461
9904464
9904465
9904467
9904468
9904469
9904470
9908281
9904472
9904473
9904474
9904475
9904477
9904478
9904479
9904480
9904481
9904483
9904484
9904485
105033
9904488
9904489
9904490
9904491
9904492
9904493
9904494
9904495
9904496
9904497
9904499
9904500
12350
9904502
9904504
9904505
9904506
9904507
9904509
9904510
9904511
9908288
9908289
9908290
12355
12356
12357
12358
105201
12359
12360
9908297
12362
12363
9908300
9908301
9908303
12369
9908306
12371
107001
107002
107003
107004
107005
107006
107007
107008
107009
107010
107011
107012
107013
107014
107015
107016
107017
107018
107019
107020
107021
107022
107024
107025
107026
107027
107028
107029
107030
9908313
107032
107033
107034
107036
107037
107038
107039
107040
107041
107042
9908315
107044
107045
107046
107047
107048
12380
107052
107053
107054
107055
107056
107057
107058
107059
107060
107061
107062
107063
107064
107065
107066
107067
107068
107069
107071
107072
107073
107074
107076
107077
107078
107079
107080
107081
107082
107083
107084
107085
107086
107087
107088
107089
107090
107091
107092
107093
107094
107095
107096
107097
107099
107100
107101
107102
107104
107105
107106
107107
107108
107109
107110
107111
107112
107113
107114
107115
107116
107117
107118
107119
107120
107121
107123
107124
107125
107126
107127
107128
107129
107131
107132
107133
107134
105237
107136
107137
107138
107139
107140
107141
107142
107143
107144
107145
107146
107147
107148
107149
107150
107151
107152
107153
107154
107155
107156
107157
107158
107159
107160
107161
107162
107163
107164
107165
107166
107167
107168
107169
107170
105243
107172
107173
107174
107175
107176
107177
107178
107179
107180
107181
107182
107183
107185
107186
107187
107188
107189
107190
107192
107193
107194
107195
107196
107197
107198
107199
107200
107201
107202
107203
107204
107205
107206
107208
107209
107210
107211
107212
107213
107214
107215
107216
107218
107219
107220
107221
107222
107223
107224
107225
107226
107227
107228
107229
107230
107231
107232
107233
107234
107235
107236
107237
107238
107239
107240
107241
107242
107243
107244
107245
107246
107247
107248
107249
107250
107251
107252
107253
107254
107255
107256
107257
107259
107260
107261
107262
107263
107264
107265
107266
107267
107268
107269
107270
107271
107273
107274
107275
107276
107277
107278
107279
107280
107281
107282
107283
107285
107286
107287
107288
107289
107290
107291
107292
107293
107294
107295
107296
107297
107298
107299
107300
107301
107302
107303
107304
9001
9002
107307
107308
107309
9006
107311
107312
9009
107314
9011
107316
9013
9014
107319
107320
9017
107322
107323
107324
107325
9022
107327
9024
107329
9026
107331
107332
107333
9030
9032
9033
9034
9035
9036
9037
9038
9039
9041
9042
9043
9044
9046
9047
9048
9051
9053
9054
9055
9056
9057
9058
9059
9060
9061
9062
9064
9065
9066
9067
9068
9069
9072
9073
9074
9075
9076
9077
9078
9079
9080
9081
9082
9083
9084
9085
9086
9087
9088
9089
9090
9091
9092
9093
9094
9095
9097
9098
9099
9100
9101
9102
9103
9105
9106
9107
9108
9109
9110
9111
9112
9113
9115
9116
9117
9118
9119
9120
9121
9122
9123
9124
9125
9126
9127
9128
9129
9130
9131
9132
9133
9135
9136
9138
9140
9141
9142
9143
9144
9145
9146
9147
9148
9149
9150
9151
9152
9153
9154
9155
9156
9157
9158
9159
9160
9161
9162
9163
9164
9165
9167
9168
9169
9170
9171
9172
9173
9174
9175
9176
9177
9178
9179
9180
9181
9182
9183
9184
9186
9187
9188
9189
9190
9191
9192
9193
9194
9195
9196
9197
9199
9200
9201
9202
9203
9204
9205
9206
9207
9208
9209
9210
9211
9212
9213
9214
9215
9216
9217
9218
9219
9220
9221
9222
9223
9224
9225
9227
9228
9229
9230
9231
9232
9233
9234
9235
9236
9237
9238
105305
9241
9242
9243
9244
9245
9246
9247
9248
9249
9250
7003
9252
9253
9254
9255
9256
9257
9259
9260
9261
9262
105309
9265
9905202
9267
9905204
9269
9270
9271
9272
9273
9905210
9905211
9905212
9277
9905214
9279
9905216
105312
9905218
9905219
9905220
9905221
9286
9287
9288
9289
9905226
9905227
9292
9905229
9294
9295
9296
9297
9298
9299
9300
9905237
9302
9303
9905240
9305
9905242
9307
9905244
9905245
9310
9905247
9312
9905249
9905250
9905251
9905252
7014
9318
9319
9320
9905257
9322
9323
9324
9325
9905262
9905263
9905264
9329
9905266
9905267
9905268
9905269
9334
7017
9336
9337
9338
9905275
9905276
9905277
9905278
9343
9905280
9905281
9905282
9905283
9348
9349
9350
9905287
9352
9353
9354
9905291
9905292
9905293
9358
9905295
9905296
12314
9905299
9905300
9905301
9905302
9905303
9905304
9905305
9905307
9905308
9905309
9905310
9905311
9905312
9905313
9905314
9905315
9905316
9905317
9905318
9905319
9905320
9905321
9905323
9905324
9905325
9905326
9905327
9905328
9905329
9905330
9905331
9905332
9905333
9905334
9905335
9905336
9905337
9905338
9905339
9905340
9905341
9905342
9905343
9905344
9905346
9905347
9905348
9905349
9905350
9905351
9905352
9905353
9905354
105335
9905356
9905357
9905358
9905359
105336
9905362
9905363
9905364
9905365
9905366
105337
9905368
9905369
9905372
9905373
9905374
9905375
9905376
9905377
9905378
9905379
9905380
9905381
9905385
9905386
9905387
9905388
9905390
9905391
9905392
9905394
9905395
9905396
9905397
9905398
9905399
9905403
9905404
9905405
9905406
9905407
9905408
7040
9905410
9905411
9905412
9905413
9905415
9905416
9905417
9905420
9905421
9905422
9905423
9905424
9905425
9905426
9905427
9905428
9905429
9905431
9905432
9905433
9905434
9905435
9905436
9905437
9905438
9905439
9905440
9905441
9905442
9905443
9905444
9905445
9905446
9905447
9905448
9905450
9905451
9905452
9905453
9905455
9905458
9905460
9905461
9905462
9905463
9905464
9905465
9905466
9905467
9905468
9905469
9905470
9905471
9905472
9905473
9905474
9905475
9905476
9905477
9905478
9905479
9905480
9905481
9905482
9905484
9905485
9905486
9905487
9905488
9905489
9905490
9905491
9905492
9905493
9905494
9905495
9905496
9905497
9905498
9905499
9905500
9905501
9905502
9905503
9905504
9905505
9905506
9905507
9905508
9905509
9905510
9905511
9905512
9905513
9905514
9905515
9905516
9905517
9905518
9905519
9905520
9905521
9905522
9905523
9905524
9905525
9905527
9905528
9905529
9905530
9905531
9905532
9905533
9905534
9905535
9905536
9905537
9905538
9905539
9905540
9905541
9905542
9905543
9905544
9905545
9905546
9905548
9905549
9905550
9905551
9905552
9905553
9905554
9905555
9905557
9905558
9905559
9905560
9905561
9905562
9905563
9905564
9905565
9905566
9905567
9905568
9905569
9905570
9905571
9905572
9905573
9905574
9905575
9905576
9905577
7071
12325
108001
108002
108003
108004
108005
108006
108007
108008
108009
108010
108011
108012
108013
108014
108017
108018
108019
108020
108021
108022
108024
108025
108026
108027
108028
108029
108030
108031
108032
108033
108034
7083
108036
108037
108038
108039
108040
108041
108042
108043
108045
108046
108048
108049
108050
108051
108053
108054
108055
108056
108057
108058
108059
108060
108061
108062
108063
108064
108065
108066
108067
108068
108069
108070
108071
108072
108073
108074
108075
108076
108077
108078
108079
108080
108081
108082
108084
108085
108086
108087
108088
108089
108090
108091
108092
108093
108094
108095
108096
108097
108098
108099
108100
108101
108102
108103
108104
108106
108108
108109
108110
108111
108112
108113
108114
108115
108116
108117
108118
108119
108120
108121
108122
108123
108124
108125
108127
108128
108129
108130
108131
108132
108133
108134
108135
108136
108137
108138
108139
108140
108141
108142
108143
108144
108145
108146
108147
108148
108149
108150
108151
108152
108153
108154
108155
108156
108157
108158
108159
108161
108162
108163
108164
108165
108166
108167
108168
108169
108170
108171
108172
108173
108174
108175
108176
108177
108178
108179
108180
108181
108182
108183
108184
108185
108186
108187
108188
108189
108190
108191
108192
108193
108194
108195
108196
108197
108198
108199
108200
108201
108202
108203
108204
108205
108206
108207
108208
108209
108210
108211
108212
108213
108214
108215
108216
108217
108218
108220
108221
108222
108223
108224
108225
108226
108227
108229
108230
108231
108232
108233
108234
108235
108236
108237
108238
108239
108240
108241
108242
108243
108244
108245
108246
108247
108248
108249
108250
7119
108252
108253
108255
108256
108257
108258
108259
108260
108261
108262
108263
108264
108265
108266
108267
108268
108271
108272
108273
108274
108275
7125
12335
10002
10003
10004
10006
10007
10008
10009
10010
10011
10012
10013
10014
10015
10016
10017
10018
10019
10020
10021
10022
12336
10024
10025
10026
10029
10030
10031
10032
10033
10034
10035
10036
10037
10039
10040
10041
10042
10043
10044
10045
10047
10048
10049
10050
10051
10052
10053
10054
10055
10056
10057
10058
10059
10060
10061
10062
10063
10065
10066
10067
10068
10069
10070
10071
10072
10073
10074
10075
10076
10077
10079
10080
10081
10082
10083
9902341
10085
10086
10087
10088
10089
10090
10091
10092
10094
10095
10096
10097
10098
10099
10100
10101
10102
10103
10104
10105
10106
10107
10108
10109
10110
10111
10112
10113
10114
10115
10116
10117
10118
10119
10121
10122
10123
10124
10125
10126
10128
10129
10130
10131
10132
10133
10134
10135
10136
10137
10139
10140
10141
10142
10144
10146
10147
10148
10149
10150
10151
10152
10153
10154
10155
10156
10157
10158
10159
10160
10161
10162
10163
10164
10166
10167
10168
10169
10171
10172
10173
10174
10175
10176
10177
10178
10179
10180
10181
10182
10183
10184
10185
10187
10188
10189
10190
10191
10192
10193
10194
10195
10196
10197
10198
10199
10200
10201
10202
10203
10204
10205
10206
10207
10208
10209
10210
10212
10213
10215
10216
10217
10218
10219
10220
10221
10222
10223
10224
10225
10226
10227
10228
10229
10230
10231
10232
10233
10234
10235
10236
10237
10238
10239
10240
10241
10244
10245
10246
10247
10248
10249
10250
10251
10252
10253
10254
10255
10257
10258
10259
10260
10261
10262
10263
10264
10265
9906202
10267
10268
9906205
9906206
9906207
9906208
9906209
9906210
10275
9906212
10277
9906214
9906215
10280
9906218
9906219
10284
9906221
9906222
10287
9906224
10289
9906226
10291
9906228
9906229
9906230
9906231
9906232
9906233
9906234
10299
10300
10301
9906238
10303
10304
9906241
9906242
10307
9906244
9906245
10310
10311
10312
9906249
10314
10315
9906252
9906253
9906254
10319
9906256
9906257
10322
9906259
10324
10325
9906262
10327
10328
9906265
9906266
10331
9906268
9906269
9906270
9906271
10336
9906273
10338
9906275
9906276
9906277
9906278
10343
9906280
9906281
9906282
9906283
10348
10349
9906286
10351
10352
10353
10354
9906291
9906292
9906293
9906295
9906296
9906297
9906298
9906299
9906300
9906301
9906302
9906303
9906304
9906305
9906306
9906307
9906308
9906309
9906310
9906311
9906312
9906313
9906314
9906315
9906316
9906317
9906318
9906319
9906320
9906321
9906322
9906323
9906324
9906325
9906326
9906327
9906328
9906329
9906330
9906331
9906332
9906333
9906335
9906336
9906337
9906338
9906339
9906340
9906341
9906342
9906343
9906344
9906345
9906346
9906347
9906349
9906352
9906354
9906356
9906357
9906358
9906359
9906361
9906362
9906363
9906365
9906366
9906367
9906368
9906369
9906370
9906371
9906372
9906373
9906374
9906375
9906376
9906378
9906379
9902353
9906381
9906382
9906383
9906384
9906385
9906386
9906387
9906388
9906389
9906390
9906391
9906392
9906394
9906395
9906396
9906397
9906398
9906400
9906401
9906402
9906403
9906405
9906406
9906408
9906409
9906410
9906411
9906412
9906413
9906415
9906416
9906417
9906418
9906419
9906420
9906421
9906422
9906423
9906424
9906426
9906427
9906428
9906429
9906431
9906432
9906433
9906434
9906435
9906437
9906438
9902229
9902355
9906441
9906442
9906443
9906444
9906445
9906446
9906447
9906448
9906449
9906450
9906452
9906455
9906456
9906457
9906458
9906459
9906460
9906461
9906462
9906463
9906465
9906466
9906467
9906468
9906469
9906470
9906471
9906472
9906473
9906475
9906476
9906478
9906480
9906481
9906483
9906484
9906485
9906486
9906487
9906488
9906489
9906490
9906492
9906493
9906495
9906496
9906497
9906498
9906499
9906500
9906501
9906502
9906503
9906504
9906505
9906506
9906507
9906508
9906509
9906510
9906511
9906512
9906513
9906514
9906515
9906516
9906517
9906518
9906521
9906523
9906524
9906525
9906526
9906527
9906528
9906529
9906530
9906531
9906532
9906533
9906534
9906535
9906536
9906538
9906539
9906540
9906541
9906542
9906543
9906544
9906545
9906546
9906547
9906548
9906549
9906551
9906552
9906553
9906554
9906555
9906556
9902359
11265
109001
109003
109004
109005
109006
109007
109008
109009
109010
109011
109012
109013
109014
109015
109016
109017
109018
109019
109020
109021
109022
109023
109024
109025
109026
109027
109028
109029
109030
109031
109032
109033
109034
109035
109036
109037
109038
109039
109040
109041
109043
109044
109045
109046
109047
109048
109049
109050
109051
11269
109053
109054
109055
109056
109058
109059
109060
109061
109062
109063
109064
109065
109066
109067
109068
109069
109071
109072
109073
109074
109075
109076
109077
109078
109079
109080
109081
109082
109083
109084
109085
109086
109087
109088
109089
109090
109091
109092
109093
109094
109095
109096
109097
109098
109099
109100
109101
109102
109103
109104
109106
9902231
109108
109109
109110
109111
109112
109113
109114
109115
109116
109117
109118
109119
109120
109121
109122
109123
109124
109125
109126
109127
109128
109129
109130
109131
109132
9903202
109134
109135
109137
109138
9903203
109140
109141
109142
109143
109144
109145
109146
109147
109149
109150
109151
109152
109154
109155
109156
109157
109158
109159
109160
109161
109162
109163
109166
109167
109168
109169
109170
109171
109172
109173
109174
109176
109177
109178
109179
109180
109181
109182
109183
109184
109186
109187
109188
109189
109190
109191
7276
109194
109195
109196
109197
109198
7277
109200
109201
11274
109203
109204
109205
109206
109209
109210
7279
109212
109213
109214
109215
109216
109217
109218
109219
109220
109221
109222
109223
109224
109225
109227
109228
109229
109230
109231
109232
109233
109234
109235
109236
109237
109238
109239
7284
109242
109243
109245
109246
109247
109248
109249
109250
109251
109253
109254
109255
109256
109257
109258
109259
109260
109261
109263
109264
7288
109266
109267
109268
109269
109270
109272
109273
109275
109276
9903226
109279
109280
109281
109282
109283
109284
109285
109286
109287
109288
9903228
109290
109291
11277
7293
7294
11001
11002
11003
11004
11005
11006
11007
203022
11010
11011
11014
9902372
11017
11018
11019
11020
11021
11022
11023
11024
11025
11026
11027
11028
11029
11030
11031
11032
11033
11034
11035
11036
11038
7301
11040
11041
11042
11043
11044
7302
11046
11047
11048
11049
11050
11051
11052
11053
11054
11055
11056
9903240
11058
11059
11060
11061
11062
11063
11064
11065
11066
11067
11068
7306
11070
11071
11072
11073
11074
11075
11076
11077
11078
11079
11080
11081
11082
11083
11084
11085
11086
7309
11089
11091
11092
7310
11094
11095
11096
11097
11098
11099
11100
11101
11104
9902375
11106
11107
11109
11110
11111
11112
11113
11114
11115
11116
9903250
11118
11119
11120
11121
11122
7315
11124
11125
11127
9903252
11130
11131
11132
11133
12373
11135
11136
11138
11139
11140
11141
11142
11143
11144
11145
11146
11147
11148
11149
11150
11151
11152
11153
11154
11155
11156
7321
11160
11161
11162
11163
11164
9903258
11166
11167
11168
11169
11170
7323
11172
11173
11174
11175
11176
11177
11178
11179
8010
11181
11183
11184
11185
11186
11187
11188
7326
11190
11191
11192
11193
12375
11195
11196
11197
11198
11199
11200
9903264
11202
11203
11204
11205
11206
11207
11208
11209
11210
11211
11212
11213
11214
11215
11216
11217
11218
11219
11220
11221
11222
11224
11225
11227
11228
11229
11230
11231
11232
11233
11234
11236
11237
11238
11239
11240
11241
11242
11243
11244
11245
11246
11247
11248
9903272
11250
11251
11252
11253
11254
11256
11257
11258
11259
11260
11261
11263
11264
9907201
11266
9907203
9907204
9907205
9907206
11271
11272
9907209
9907210
11275
11276
9907213
9907214
9907215
9907216
11281
9907218
9907219
9907220
11285
9907222
9907223
9907224
11289
11290
7343
11292
9907229
9907230
9907231
11296
7344
9907234
9907235
11300
11301
9907238
11303
9907240
11305
11306
9907243
11308
9907245
11310
11311
11312
9907249
11314
9907251
11316
11317
11318
9907255
9907256
9907257
11322
9907259
11324
9907261
11326
9903285
9907264
11329
11330
9907267
9907268
7350
11334
9907271
11336
11337
9907274
11339
9907276
11341
9907278
9907279
9907280
9907281
9907282
9907283
11348
9907285
9907286
11351
11352
11353
9907290
9907291
11356
9907293
11358
11359
11360
11361
11362
9907299
11364
9907301
11366
11367
11368
11369
11370
9907307
11372
11373
9907310
11375
11376
9907313
11378
9907315
9907316
11381
11382
9907319
11384
11385
9907322
11387
11388
11389
9907326
9907327
9907328
11393
11394
9907331
11396
9907333
11398
9907335
11400
9907337
9907338
9902235
9907340
7362
9907342
9907343
9907344
9907346
9907347
9907348
9907349
9907350
9907351
9907352
9907353
9907354
9907355
9907356
9907357
9907358
9907359
9907360
9907361
9907362
9907363
9907365
9907366
9907368
9907369
9907370
9907371
9907372
9907373
9907375
9907376
9907377
9907378
9907380
9907381
9907382
9907383
9907384
9907385
9907386
9907387
9907388
9907389
9907390
9907391
9907392
9907393
9907394
9907396
9907397
9907398
9907399
9907400
9907401
9907403
11293
9907405
9907406
9907408
9907409
9907411
9907412
9907413
9907414
9907415
9907416
9907417
9907418
9907419
9907420
9907421
9907422
9907423
9907424
9907425
9907426
9907427
9907428
9907429
9907430
9907431
9907432
9907433
9907434
9907435
9907436
9907437
9907438
9907439
9907441
9907442
9907443
9907444
9907445
9907446
9907447
9907448
9907449
9907450
9907451
9907452
9907453
9907454
9907455
9907456
9907457
9907458
9907460
9907461
9907462
9907463
11295
9907465
9907466
9907467
9907468
9907469
9907470
9907471
9907472
9907473
9907474
9907475
9907476
9907477
9907478
9907481
9907482
9907483
9907485
9907486
9907487
9907488
9907489
9907490
9907491
9907494
9907495
9907496
9907497
9907498
9907499
9907500
9907501
9907502
9907503
9907504
9907505
8023
9907507
9907509
9907510
9907511
9907512
9907513
9907514
9907515
9907516
9907517
9907518
9907519
9907520
9907521
9907522
9907523
9907524
9907528
9907530
9907532
9907533
9907535
8024
9907538
9907539
9907540
9907542
9907543
9907544
9907545
9907546
9907547
9907548
9907549
9907550
9907551
9907552
9907553
9907554
11298
9907556
9907557
9907559
9907560
9907561
9907562
9907565
9907566
9907567
9907568
9907569
9907570
9907571
9907572
9907573
9907574
9902393
11299
9902394
110001
110002
110003
110004
110005
110007
110008
110009
110010
110011
110012
110013
110014
110015
110017
110018
110019
110020
110021
110022
110023
110024
110025
110026
110027
110028
110029
110030
110031
110032
110033
110034
110035
110036
110037
110038
110039
110040
110041
110043
110044
110045
110046
110047
110048
110049
110050
110051
110052
110054
110055
110056
110057
110058
110059
110060
110061
110062
110063
110064
110067
110068
110069
110070
110071
110072
110073
110074
110075
110076
110077
110078
110080
110081
110082
110083
110084
110085
110086
110087
110088
110089
110091
110092
110093
110094
110095
110096
110097
110098
110100
110101
110102
110104
110105
110106
110107
110108
110109
110110
110111
110112
110113
110114
110115
110117
110118
110119
110120
110121
110122
110123
110124
110125
110126
110127
110128
110129
110130
110131
110133
110134
110135
110136
110137
110138
110139
202253
110141
110142
110144
110145
110146
110147
110148
110149
110150
110151
110152
110153
110155
110156
110157
110158
110159
9902400
110161
110162
110163
110164
110165
110166
110168
110169
110170
110171
110172
110173
110174
110175
110176
110178
110179
110180
110181
110183
110184
110185
110186
110187
110188
110189
110190
110191
110192
110193
110194
110195
110196
110197
110198
110199
110200
110201
110202
110203
110204
110205
110208
110209
110210
110212
110213
110214
110215
110216
110217
110218
110219
110220
110221
110222
110223
110224
110225
110226
110227
110228
110229
110230
110231
110232
110233
110234
110235
110236
110237
110238
110239
110240
110241
110242
110243
110244
110245
110246
110247
110248
110249
110250
110251
110252
110253
110254
110255
110256
110257
110258
110259
110260
110261
110262
110263
110264
110265
110266
110267
110268
110269
110270
110271
110272
110273
110274
110275
110276
110277
110278
110279
110280
110282
110283
110284
110285
110286
110287
110288
110289
110290
110291
110292
110293
110294
110295
110296
110297
110299
110300
110301
110302
110303
110304
12001
110306
110307
12004
12005
9902405
110311
12008
110313
110314
12011
110316
110317
12014
110319
110320
12017
110322
110323
110324
12021
12022
110327
110328
12025
110330
12027
110332
12029
12030
12031
12032
12033
110338
110339
110340
110341
12038
110343
12040
110345
110346
12043
110348
12045
110350
110351
12048
110353
110354
110355
12052
12053
12054
12055
12056
12057
110362
110363
110364
110365
110366
110367
12064
12065
110370
12067
110372
12069
12070
110375
12072
12073
110378
12075
12076
110381
12078
12079
12080
110385
12082
12083
110388
110389
110390
110391
12088
12089
12090
12091
110396
110397
12094
12095
12096
12097
110402
12099
12100
12101
12102
12103
12104
110409
110410
110411
12108
12109
12110
110415
12112
110417
12114
12115
12116
12117
12118
12120
12123
12124
12125
12127
12128
12129
12130
12131
12132
12134
12135
12136
12137
12138
12139
12140
8042
12142
12143
12144
12145
12146
12147
12149
12150
12151
12152
12153
12154
12155
12156
12157
12158
12160
12161
12162
12163
12164
12165
12167
12168
12169
12170
12171
12172
12173
12175
12176
12177
12178
12179
12180
12181
12182
12183
12184
12185
12186
12187
12188
12189
12190
12191
12192
12193
12194
12195
12196
12197
12198
12199
12200
12202
12203
12204
12205
12206
12207
12208
12209
12210
12211
12212
12213
12214
12215
12216
12217
12218
12219
12220
12221
12222
12223
12224
12225
12226
12227
12228
12229
12230
12231
12232
12233
12234
12235
12236
12237
12238
9903437
12240
12241
12242
12243
12244
12245
12246
12247
12248
12249
12250
12251
12252
12253
12254
12255
12256
12257
12258
12259
12260
12261
12262
12263
12264
12265
12266
9908203
12268
9908205
12271
9908208
12273
12274
12275
12276
12277
9908214
12279
12280
12281
9908218
9908219
9908220
9908221
12286
9908223
12288
12289
9908226
12291
9908228
9908229
9908230
9908231
12296
12297
12298
12299
12300
9908237
9908238
12303
9908240
12305
12306
9908243
12308
12309
9908246
9908247
12312
12313
9908250
9908251
12316
12317
9908254
9908255
9908256
12321
9908258
9908260
9908261
9908262
9908263
9908264
9908265
9908266
12331
9908268
12333
12334
9908271
9908272
12337
9908274
9908275
9908276
12341
9908280
12345
12346
9908283
12348
12349
9908286
12351
12352
12353
12354
9908291
9908292
9908293
9908294
9908295
9908296
12361
9908298
9908299
12364
12365
12366
12367
9908304
9908305
12370
9908307
9908308
9908309
9908310
9908311
12376
12377
12378
12379
9908316
9908317
9908318
9908319
9908320
9908321
9908323
9908324
9908325
9908326
9908327
9908328
9908329
9908330
9908331
9902418
9908333
9908334
9908335
9908336
9908337
9908338
9908339
9908340
9908341
9908342
9908343
9908346
9908347
9908348
9908349
9908350
9908351
9908352
9908353
9908354
9908355
9908356
9908357
9908358
9908359
9908360
9908361
9908362
9908363
9908364
9908365
9908366
9908369
9908371
9908372
9908373
9908374
9908376
9908377
9908378
9908379
9908380
9908381
9908382
9908383
9908384
9908385
9908386
9908387
9908388
9908390
9908391
9902420
9908393
9908395
9908396
9908397
9908398
9908399
9908400
9908402
9908403
9908404
9908405
9908407
9908408
9908409
9908410
9908411
9908412
9908413
9908414
9908415
9908416
9908417
9908420
9908421
9908422
9908423
9908424
9908425
9908426
9908427
9908428
9908429
9908430
9908431
9908432
9908433
9908435
9908436
9908437
9908439
9908442
9908443
9908444
9908445
9908446
9908447
9908448
9908449
9908450
9908451
9902422
9908453
9908454
9908455
9908456
9908458
9908459
9908460
9908461
9908462
9908463
9908464
9908465
9908466
9908467
9908469
9908470
9908471
9908473
9908474
9908475
9908476
9908477
9908479
9908480
9908481
9908482
9908483
9908485
9908486
9908487
9908488
9908489
9908490
12304
9908492
9908493
9908495
9908497
9908498
9908499
9908500
9908501
9908504
9908505
9908506
9908507
9908508
9908510
9908511
9902424
9908513
9908514
9908515
9908516
9908518
9908519
9908520
9908521
9908522
9908523
9908524
9908525
9908526
9908527
9908528
9908529
9908530
9908531
9902243
111001
111002
111003
111004
111005
111006
111008
111009
111010
111011
111012
111013
111014
111015
111016
111017
111018
111019
111020
111021
111022
111024
111025
111026
111027
111028
111029
111030
111031
111032
111033
111034
111035
111037
111038
111039
111040
111041
111042
111043
111044
111046
111047
111048
111049
111051
111052
111053
111054
111056
111057
111058
111059
111060
111061
111062
111063
111064
111065
111066
111067
111068
111069
111072
111073
111074
111075
111076
111077
111078
111080
111081
111082
111083
111084
111085
111086
111087
111088
111089
111090
111091
111092
111093
111094
111095
111096
111097
111098
111099
111100
111101
111102
111104
111105
111106
111107
111108
111109
111110
111111
111112
111113
111114
111115
111116
111119
111120
111121
111122
111123
111124
111125
111126
111127
111128
111129
111130
111131
111132
111133
111134
111135
111136
111137
111138
111139
111140
111141
111142
111143
111144
111145
111146
111147
111148
111149
111150
111151
111152
111153
111154
111155
111156
111157
111158
111159
111160
111162
111163
111164
111165
111166
111167
111169
111170
111172
111173
111174
111175
111176
111177
111178
111179
111180
111181
111182
111183
111184
111185
111186
111187
111188
111189
111190
111191
111192
111193
111195
111196
111197
111198
111199
111200
111201
111203
111204
111205
111206
111207
111208
111209
111210
111211
111212
111213
111214
111215
111216
111217
111218
111219
111220
111221
111222
111223
111224
111225
111226
111227
111228
111229
111230
111231
111232
111233
111234
111235
111236
111237
111238
111239
111240
9902436
111242
111243
111244
111245
2157
111248
111249
111250
111254
111255
111256
111258
111259
111260
111261
111262
111263
111264
111265
111266
111267
111268
111269
111270
111271
111272
111273
111274
111275
111276
111277
111278
111279
111280
111281
111282
111283
111284
111285
111286
111287
111288
111290
111291
111292
111294
111295
111296
111297
111298
111299
111300
111301
111303
111304
111305
111306
111307
111308
111309
111310
111311
111312
111313
111314
111315
111316
111317
111318
111319
111320
111322
111323
111324
111326
111327
111328
111329
111330
111331
111332
111333
111334
111335
111336
111337
111338
111340
111341
111342
111343
111344
111345
111346
111347
111348
111349
111350
111351
111352
111353
111354
111355
111356
111357
111358
111359
111360
111361
111362
111363
111364
111365
111366
111367
111368
111369
111371
111373
111375
111376
111377
111378
111379
111380
111381
111382
111383
111384
111385
111386
111387
111388
111389
111390
111391
111392
111394
111395
111396
111397
111399
111400
111401
111402
111403
111404
111406
111407
111408
111409
111410
111411
111412
111413
111416
111417
111418
111419
111421
111422
111423
111427
111428
111429
111430
111431
111432
111434
111435
111436
111437
111438
111444
111445
111446
111448
111449
111453
111454
111455
111456
111458
111459
111460
111461
111462
111463
111464
111465
111466
111467
111468
111469
111470
111471
111472
111473
9909201
9909202
9909203
9909204
9909205
9909206
9909207
9909208
9909209
9909210
9909211
9909212
9909213
9909214
9909215
9909216
9909217
9909218
9909219
9909220
9909221
9909222
9909224
9909225
9909226
9909227
9909228
9909229
9909230
9909231
9909232
9909233
9909234
9909235
9909236
9909237
9909238
2217
9909240
9909241
9909242
9909243
9909244
9909245
9909246
9909247
9909248
9909249
9909250
9909251
9909252
9909253
9909254
9909255
9909256
9909257
9909258
9909259
9909260
9909261
9909262
9909263
9909264
9909265
9909266
9909267
9909268
9909269
9909270
9909271
9909274
9909275
9909276
9909277
9909278
9909279
9909280
9909281
9909282
9909283
9909284
9909286
9909288
9909290
9909291
9909292
9909293
9909294
9909295
9909296
9909297
9909298
9909299
9909300
9909301
9909302
9909303
9909304
9909305
9909306
9909307
9909308
9909310
9909311
9909312
9909313
9909315
9909317
9909318
9909319
9909320
9909321
9909322
9909324
9909325
9909326
9909327
9909329
9909330
9909331
9909332
9909333
9909334
9909335
9909336
9909337
9909338
9909340
9909341
9909343
9909344
9909345
9909346
9909347
9909348
9909349
9909350
9909351
9909352
9909353
9909354
9909355
9909356
9909357
9909359
9909360
9909361
9909362
9909363
9909364
9909365
9909366
9909367
9909368
9909369
9909370
9909371
9909372
9909373
9909374
9909375
9909376
9909377
9909378
9909379
9909381
9909383
104105
9909386
9909387
9909388
9909389
9909390
9909391
9909392
9909393
9909394
9909395
9909396
9909397
9909398
9909399
9909401
9909403
9909404
9909405
9909406
9909407
9909408
9909409
9909410
9909411
9909412
9909414
9909415
9909416
9909417
9909418
9909419
9909421
9909422
9909423
9909424
9909425
9909426
9909427
9909428
9909429
9909430
9909431
9909432
9909433
9909434
9909435
9909436
9909437
9909438
9909439
9909440
9909441
9909442
9909443
9909444
9909445
9909446
9909448
9909449
9909450
9909452
9909453
9909454
9909455
9909456
9909457
9909458
9909459
9909461
9909462
9909463
9909464
9909465
9909466
9909467
9909469
9909470
9909471
9909472
9909473
9909474
9909475
9909476
9909477
9909478
9909479
9909480
9909481
9909482
9909483
9909484
9909485
9909487
9909488
9909489
9909490
9909492
9909494
9909495
9909496
9909497
9909498
9909499
9909500
9909501
9909502
9909503
9909504
9909505
9909506
9909507
9909508
9909509
9909510
9909512
9909514
9909516
9909517
9909518
9909519
9909520
9909521
9909522
9909523
9909524
9909525
9909526
9909528
9909529
9909530
9909531
9909532
9909533
9909534
9909535
9909536
9909537
9909538
9909539
9909540
9909541
9909542
9909543
9909544
9909545
9909546
9909547
9909548
9909549
9909550
9909551
9909552
9909554
9909555
9909556
9909557
9909558
9909559
9909560
9909561
9909562
9909563
9909564
9909565
9909566
9909567
9909568
9909570
9909571
9909572
12093
9909574
9902250
2277
7002
112001
112002
112003
112004
112005
112006
112007
112008
112009
112010
112011
112013
112014
112015
112016
112017
112018
112019
112021
112022
112023
112025
112026
112027
112028
112029
112030
112031
112032
112033
112034
112035
112036
112037
112038
112039
7004
112041
112042
112043
112044
112045
112046
112047
112048
112050
2291
112052
112053
112054
112055
112056
112057
112058
112059
112060
112061
112062
112063
112064
112065
112067
112069
112070
112072
112074
2295
112077
112080
112081
112082
112084
112085
112086
112087
112088
112089
112090
112091
112093
112094
112096
112099
112100
112101
112102
112103
112104
112105
112106
112107
112108
112109
112110
112112
112113
112114
112115
112116
112117
112118
112119
112120
112121
112122
112123
112124
112125
112126
112127
112128
112129
112130
112131
112132
112133
112134
112135
112136
112137
112138
112139
112140
112142
112143
112144
112145
112146
112147
112148
112149
112150
112151
112152
112153
112154
112155
112156
112157
112158
112159
112160
112161
112162
112163
112164
112165
112166
112167
112169
112170
112171
112172
112173
112174
112175
112177
112178
112179
112180
112182
112183
112184
112185
112186
112187
112188
112189
112190
112191
112192
112193
112194
112195
112196
112197
112199
112200
112201
112202
112203
112204
112205
112206
112207
112208
112209
112210
112211
112212
112213
112214
112216
112217
112218
112219
112220
112221
112222
112223
112224
112225
112226
112227
112228
112229
112230
112231
112232
112233
112235
112236
112237
112238
112239
112240
112241
112242
112243
112245
112246
112247
112248
112249
112250
112251
112252
112253
112254
112255
112256
112257
112259
112260
112261
112262
112264
112265
112267
112268
112269
112270
112271
112272
112273
112274
112275
112276
112277
112278
112279
112280
112281
112282
112283
112284
112285
112286
112287
112288
112289
112290
112291
112292
112293
112294
112295
112296
112297
112298
112300
112301
112302
112303
112304
112305
112306
112307
112308
112309
112310
7013
112312
112313
112314
112315
112316
112318
112319
112320
112321
112322
112323
112326
112327
112328
112329
112330
112331
112332
112333
112334
112335
112336
112337
112338
112340
112341
112342
112343
112344
112345
112346
112347
112348
112350
112351
112352
112353
112354
11379
112356
112357
112358
112359
112360
112361
112362
7015
7016
105219
12315
106133
7021
9910201
9910202
9910203
9910204
9910205
9910206
9910207
9910208
9910209
9910210
9910211
7022
9910214
9910215
9910216
106315
9910219
9910220
9910221
9910222
9910223
9910224
9910225
9910226
9910227
9910228
9910229
9910230
9910231
9910232
9910233
9910234
9910235
9910236
9910237
9910238
9910239
9910240
9910241
9910242
7023
9910244
9910245
9910246
9910247
106316
9910250
9910251
9910252
9910253
9910254
9910255
9910256
9910257
9910258
9910259
9910260
9910261
9910262
9910263
9910265
9910267
9910268
9910269
9910270
9910271
9910272
9910273
9910274
9910275
9910276
9910277
9910278
9910279
9910280
9910281
9910282
9910283
9910285
9910286
9910287
9910288
9910289
9910290
9910291
9910292
9910293
9910294
9910295
9910296
9910297
9910298
9910299
9910300
9910301
9910303
9910305
9910306
9910307
9910308
9910309
9910310
9910311
9910312
9910313
9910314
9910315
9910316
9910318
9910319
9910320
9910321
9910322
9910323
9910324
9910325
9910326
9910327
9910328
9910329
9910330
9910331
9910332
9910333
9910334
9910335
9910336
9910337
9910338
9910339
9910340
9910341
9910342
9910344
9910345
9910346
9910347
9910348
9910349
9910350
9910351
9910352
9910353
9910354
9910355
9910356
9910357
9910358
9910359
9910360
9910362
9910363
9910364
9910365
9910366
9910367
9910368
9910369
9910371
9910372
9910375
9910377
11392
9910379
9910380
9910381
9910382
9910383
9910384
9910387
9910388
9910389
9910390
9910391
9910392
9910393
9910394
9910395
9910396
9910397
9910399
9910400
9910401
9910402
9910403
9910404
9910405
9910406
9910407
9910408
9910409
9910410
9910411
9910412
9910413
9910414
9910415
9910416
9910417
9910420
9910421
9910422
7029
9910424
9910425
9910426
9910427
9910428
9910429
9910430
9910431
9910432
9910433
9910434
9910435
9910436
9910437
9910438
9910440
9910441
9910442
9910443
9910444
9910445
9910446
9910447
9910448
9910449
9910450
9910451
7030
9910456
9910457
9910458
9910459
9910460
9910461
9910462
9910464
9910465
9910466
11395
9910471
9910472
9910474
9910475
9910476
9910477
9910478
9910479
9910481
9910482
9910483
9910484
9910485
9910487
9910488
9910489
9910490
9910491
9910492
9910494
9910495
9910496
9910497
9910498
9910499
9910500
9910501
9910502
9910503
9910504
9910505
9910506
9910507
9910508
9910509
9910511
9910512
9910513
9910514
9910515
9910516
106325
9910519
9910520
9910521
9910522
9910523
9910524
9910525
9910526
9910528
9910529
9910530
9910531
9910532
9910533
9910534
9910535
9910536
9910537
9910538
9910539
9910540
9910541
9910542
9910543
9910544
9910545
9910546
9910547
9910550
9910551
9910552
9910553
9910554
9910555
9910557
9910558
9910560
9910562
9910563
9910564
9910565
7036
7037
7043
7044
7045
106338
106339
7047
9902397
106346
9901421
106305
106347
8002
8003
106308
12322
8005
9911201
9911202
9911203
9911204
106310
9911206
9911207
9911208
106348
9911210
8007
9911212
9911213
9911214
9911215
9911216
106312
9911219
9911221
9911222
106313
9911224
9911225
9911226
9911227
9911228
9911229
9911231
9911232
9911233
9911235
9911236
9911237
9911238
9911240
9911241
9911242
9911243
9911244
9911245
106317
9911248
9911249
9911250
9911251
9911252
9911253
9911254
9911255
9911256
9911257
9911258
8015
9911260
9911261
9911262
9911263
9911264
8016
9911266
9911267
9911268
9911269
9911270
106321
9911272
9911273
9911274
9911275
9911276
8018
9911278
9911280
9911281
9911282
106323
9911284
9911285
9911286
9911287
9911288
9911289
9911291
9911292
9911293
9911294
9911295
9911296
9911297
9911298
9911299
9911300
106326
9911302
9911304
9911305
9911306
9911307
9911308
9911309
9911310
9911311
9911312
9911313
9911314
9911315
9911316
9911317
9911318
9911319
9911320
9911321
9911322
9911323
9911324
8026
9911326
9911327
9911329
9911330
8027
9911332
9911333
9911334
9911335
9911336
9911337
9911338
9911339
9911340
9911341
9911342
106333
9911344
9911345
9911346
9911347
9911348
9911349
9911350
9911352
9911353
9911355
9911358
9911359
9911360
9911361
9911362
9911364
9911365
9911366
106337
9911368
9911369
9911370
9911371
9911372
9911373
9911374
9911375
9911376
9911377
9911379
9911380
9911381
9911382
9911383
9911384
9911385
9911386
9911387
9911388
9911389
9911390
106341
9911392
9911393
9911394
9911395
9911396
106342
9911398
9911399
9911400
9911402
9911403
9911404
9911405
9911406
9911407
9911408
9911409
9911410
9911411
9911412
9911413
9911414
106345
9911416
9911418
9911419
9911420
9911421
9911422
9911423
9911424
9911425
9911426
9911427
9911428
9911429
9911431
9911432
9911433
9911434
9911435
9911436
9911437
9911438
9911440
9911442
9911443
106350
9911446
9911447
9911448
106356
203052
9911451
9911452
9911454
9911455
9911456
9911457
9911458
9911459
9911460
9911461
106353
9911464
9911465
9911466
9911467
9911468
106354
9911470
9911471
9911473
9911474
9911475
9911476
9911477
9911478
9911479
9911480
9911481
9911482
9911483
9911484
9911485
9911486
9911487
9911488
9911489
9911490
9911491
9911492
9911493
9911494
9911495
9911496
9911499
9911500
9911501
9911502
9911503
9911504
9911505
9911506
9911507
9911508
9911509
9911510
9911511
9911512
9911513
9911514
9911515
9911516
9911517
9911518
9911519
9911520
9911521
9911522
9911523
9911524
9911526
9911527
9911528
9911529
9911530
9911532
9911533
9911534
9911535
9911536
9911537
9911539
9911540
9911541
9911542
8067
8079
12285
12107
8101
8111
9901446
8147
110312
8162
8163
101007
101013
9912201
9912202
9912204
9912205
9912206
9912208
9912209
9912210
9912211
9912212
9912213
9912214
9912215
9912216
9912217
9912218
9912220
9912221
9912222
9912223
9912224
9912226
9912227
9912228
9912229
9912230
9912231
9912232
9912233
105291
9912236
9912237
9912238
9912240
9912241
9912242
9912245
12329
9912247
9912248
9912249
9912250
9912251
9912252
9912253
9912254
8181
9912256
9912258
9912259
9912260
9912261
9912262
9912263
9912264
9912265
9912266
9912267
9912268
9912269
9912270
9912271
9912272
9912273
9912274
9912275
9912276
9912277
9912278
9912279
9912280
9912281
9912282
9912283
9912284
9912287
9912288
9912289
9912290
9912291
9912292
9912293
9912294
9912295
9912296
9912297
9912298
9912299
9912300
9912301
9912302
9912303
9912304
9912305
9912306
9912307
9912308
9912309
9912310
9912311
9912312
9912313
9912315
9912317
9912318
9912319
9912320
9912321
9912322
9912323
9912324
9912325
9912326
9912328
9912329
9912330
9912331
9912332
9912333
9912335
9912336
9912337
9912338
9912340
9912341
9912343
9912344
9912345
9912346
9912347
9912348
9912349
9912350
9912351
9912352
9912353
9912354
9912355
9912356
9912357
9912358
9912359
9912360
9912361
9912362
9912363
9912364
9912365
9912366
9912367
9912368
9912369
9912370
9912371
9912372
9912373
9912375
9912376
9912377
9912378
9912379
9912380
9912381
9912383
9912384
9912385
9912387
9912388
9912389
9912390
9912391
9912392
9912393
9912394
9912395
9912396
9912397
9912398
9912399
9912400
9912402
9912403
9912404
9912405
9912406
9912407
9912408
9912409
9912410
9912413
9912414
9912415
9912416
9912417
9912419
9912420
9912421
9912422
9912423
9912424
9912425
9912426
9912427
9912428
9912429
9912430
9912431
9912432
9912433
9912434
9912435
9912436
9912437
9912438
9912439
9912440
9912442
9912443
9912444
9912445
9912446
9912447
9912448
9912450
9912451
9912452
9912453
9912454
9912455
9912456
9912457
9912458
9912459
9912460
9912461
9912462
9912463
9912464
9912465
9912466
9912467
9912469
9912471
9912472
9912473
9912474
9912475
9912476
9912478
101061
9912480
9912481
9912482
9912483
9912484
9912486
9912487
9912488
9912489
9912490
9912491
9912492
9912493
9912494
9912495
9912496
9912497
9912498
9912499
9912500
9912501
9912502
9912503
9912504
9912505
9912506
9912507
9912508
9912509
9912510
9912511
9912512
9912513
9912514
9912515
9912516
9912517
9912518
9912519
9912520
9912522
9912524
9912525
9912526
9912527
9912528
9912529
9912530
9912531
9912532
9912534
9912536
9912538
9912539
9912540
9912541
9912542
9912543
9912545
9912546
9912547
9912548
9912549
9912550
9912551
9912552
9912553
8241
6011
6012
12332
9902271
8265
101109
6004
9904204
9904206
9904207
9904208
8273
8274
112040
8277
9904214
8279
9904216
8283
8284
8285
9904223
105313
9904224
8289
9904226
9904227
8292
105314
9904229
9904230
8296
105315
8298
8300
9904237
8302
105316
9904239
9904241
8306
8307
9904244
9904245
112075
8311
8312
8313
8314
8315
8316
8317
8318
8319
9904256
9904257
8324
8325
8326
9904263
8330
8331
105322
9904269
9904270
8335
9904272
8337
8338
105324
8217
105328
9902275
105329
9904309
9904315
105333
103337
9902276
9904327
9904345
105338
9904357
12339
105343
9902278
3001
101307
101308
3005
101311
101314
3011
3012
101317
3016
3017
101322
3019
101324
101325
101326
101327
101328
101329
101330
101331
101332
3029
3030
3031
101336
101337
101338
101339
3036
101342
101343
3040
3041
3043
9904441
3044
101349
101350
3047
101352
101353
3050
101356
9904471
9902282
112311
12344
9904501
3125
112355
6083
8267
12071
9903275
6089
3185
104297
9902288
106324
104305
3245
104307
107031
104310
101037
9902403
104312
107043
104313
107049
203019
9910213
101055
107135
9910243
9910248
107171
9903277
101067
7231
9909239
9904261
11268
110342
6155
9910378
107305
9003
9004
107310
9007
9008
107313
9010
9012
107317
107318
9015
9016
107321
9019
9020
9021
107326
9023
107328
9025
9910423
107330
9027
9028
9029
7261
11273
103289
9902392
7271
12293
7275
7278
7348
11377
9908201
1239
9908202
12381
9908204
110352
9908207
9902217
9908210
12294
9908211
7297
9908212
9908213
9239
9908216
9908217
7303
203100
9251
12372
9263
102107
9905201
9266
9905203
9268
9905205
9905206
9905207
9905208
7308
9905209
9274
9276
9905213
9278
9905215
9280
9908224
9281
9282
9283
9284
9285
9905222
9905223
7311
9905224
9905225
9290
9291
9905228
7312
9293
9905230
9905231
9905232
9905233
9905234
9905236
9301
9905238
9905239
9304
9905241
12374
9905243
9308
11283
9309
110357
9905246
9311
9313
9314
9317
7317
9905254
9905255
9905256
9321
9905258
9905259
9905260
9905261
9326
9327
9328
9330
9331
9332
9333
11284
9905270
110358
9905271
9905272
9905273
9339
9340
9908236
9341
9342
9905279
9346
9347
9905285
9905286
9351
9905288
9905290
9355
9356
9357
9905294
110359
12077
9908242
9908244
6239
11286
110360
9908245
7332
9908248
7334
9908249
102251
110361
8014
9905355
9908252
7338
9905361
9908253
9905367
7340
7345
7346
4002
4003
4004
102309
7347
102311
4008
4009
102314
4011
9905409
4012
4013
4014
4015
4016
4017
102322
4019
4020
4021
4022
102327
4024
102329
7351
4027
102332
4030
7352
4032
4033
102338
9908267
102339
7353
102341
4038
4039
4040
4041
102346
12382
9908269
7356
6265
4054
6266
12383
6269
6271
203046
9908284
11294
110368
9908287
6282
110369
102305
6286
6287
9907202
6290
4179
102310
6296
9902209
9907211
6297
9907212
6298
9903201
8025
6301
6305
6306
9907221
9908314
102330
9907225
9907226
6315
102335
9903204
9907233
102340
9903205
9911205
110377
9911209
6325
9903206
8030
6326
9911223
9902334
8031
9911247
9911259
9911265
6336
8032
9911271
201021
6338
9911277
9911283
9902336
9911301
6344
9902337
6347
9911325
9902238
9903222
9911331
108251
9907269
6355
9911367
6358
9911391
11093
9911415
10023
110386
9902342
9911449
9911450
201202
9911463
9911469
201223
10084
9902414
9907308
201305
201306
103003
103004
201309
201310
201311
103008
103009
9907311
9907312
110392
9907320
9907321
9907323
110394
9907324
8047
110395
9906201
10266
9906203
9907330
9906204
8048
10269
10270
10271
10272
10273
10274
9906211
10276
9906213
9907332
10279
9906216
10282
10283
10285
9906223
10288
9906225
10290
9906227
10292
10293
10294
10296
10297
9907336
10298
9906235
9906237
10302
9906239
9906240
10305
10306
10308
10309
9906246
9906247
9906248
9907339
10313
9906251
11105
10316
10317
10318
10320
10321
12041
9907341
10323
9906260
9906261
10326
9906263
9906264
10330
9906267
10332
10334
10335
9906272
10337
9906274
103181
10339
10341
10342
9903227
8051
10344
10345
10347
9906284
9906285
10350
9906287
9906289
9906290
110399
110400
9902356
103241
2085
105165
12042
103301
5002
5003
5004
2091
103310
103311
5008
103313
5010
103315
5012
103317
5014
103319
5016
9902351
5018
103324
103325
103328
110404
103329
5026
103331
103332
5029
103334
5031
5032
5033
103339
103341
5038
5039
5041
5042
103348
103349
110406
5081
9903235
9903236
5107
9909573
105225
110408
9905217
5153
9902365
9903291
5165
9907404
5177
9902366
111241
5195
5201
5219
111247
5225
9902369
2142
5265
9901202
9901203
5268
9901205
9901206
5271
5272
5273
5274
2145
9901213
5278
9901215
9902370
9901216
9901218
5283
5284
5285
5286
109052
9901223
9901224
9901225
9901226
9901228
5293
9901230
9901231
9901233
9901235
5300
9901237
9901238
9901239
11123
5305
5306
9901244
5309
5310
9901247
9901252
5317
5318
9901256
9901258
5324
110416
9901261
5326
5327
9901264
9901266
9905253
9902373
9901293
109139
110418
9912234
12307
9901323
9912246
9901329
9901330
202003
202004
202005
202006
9901335
202009
9901338
9901339
9901340
9901341
202014
202015
9901344
202017
9901346
9901348
9901349
9901350
9901351
9901353
9901354
202028
202029
202030
9901359
9901360
9901362
109193
202037
9902376
9901366
9901367
202041
109199
9901370
109202
202046
9901375
9901376
9901377
9901378
11391
9901380
9901381
109211
9901382
9901383
9901384
202057
9901386
202059
9902431
202060
9901391
9901394
9901395
12002
202069
