APDM-Graph-CitHepPh-2002-11895.txt,EMS,125.77158130476222,134.059520686,0.0,0.0,0.0,0.0 0.0,964,0.46000000000000013
APDM-Graph-CitHepPh-2001-11895.txt,Kulldorff,22728.51847768907,152.632824008,0.0,0.0,0.0,0.0 0.0,2645,0.23999999999999996
APDM-Graph-CitHepPh-2001-11895.txt,EMS,543.7601642995464,155.257915416,0.0,0.0,0.0,0.0 0.0,1290,0.12000000000000001
APDM-Graph-CitHepPh-2001-11895.txt,EBP,19832.33772239324,162.829481996,0.0,0.0,0.0,0.0 0.0,1779,0.16
APDM-Graph-CitHepPh-2002-11895.txt,Kulldorff,8152.545997611792,113.246167403,0.0,0.0,0.0,0.0 0.0,4042,4.0
APDM-Graph-CitHepPh-1999-11895.txt,EMS,271.577476078552,99.973389605,0.0,0.0,0.0,0.0 0.0,341,0.12000000000000001
APDM-Graph-CitHepPh-1999-11895.txt,Kulldorff,15467.55409967586,97.612755721,0.0,0.0,0.0,0.0 0.0,1658,0.8000000000000004
APDM-Graph-CitHepPh-2002-11895.txt,EBP,691.4896654548452,110.586839994,0.0,0.0,0.0,0.0 0.0,312,0.23999999999999996
APDM-Graph-CitHepPh-1999-11895.txt,EBP,4913.516613967033,94.763257554,0.0,0.0,0.0,0.0 0.0,343,0.12000000000000001
APDM-Graph-CitHepPh-2000-11895.txt,EMS,400.2569428472951,126.551317809,0.0,0.0,0.0,0.0 0.0,1143,0.16
APDM-Graph-CitHepPh-2000-11895.txt,Kulldorff,20605.098192212256,123.264097617,0.0,0.0,0.0,0.0 0.0,2848,0.46000000000000013
APDM-Graph-CitHepPh-2000-11895.txt,EBP,10808.89030082529,120.532195229,0.0,0.0,0.0,0.0 0.0,1168,0.16
