APDM-Graph-CitHepPh-2000-11895.txt,Kulldorff,20522.873349,28860.470209,0.000000,0.000000,0.000000,0.0 0.0,3324
APDM-Graph-CitHepPh-2000-11895.txt,EBP,7147.518686,28860.470209,0.000000,0.000000,0.000000,0.0 0.0,3324
APDM-Graph-CitHepPh-2000-11895.txt,EMS,360.650589,28860.470209,0.000000,0.000000,0.000000,0.0 0.0,3324
APDM-Graph-CitHepPh-2001-11895.txt,Kulldorff,22786.692567,29078.588239,0.000000,0.000000,0.000000,0.0 0.0,3070
APDM-Graph-CitHepPh-2001-11895.txt,EBP,17844.620590,29078.588239,0.000000,0.000000,0.000000,0.0 0.0,3070
APDM-Graph-CitHepPh-2001-11895.txt,EMS,519.026451,29078.588239,0.000000,0.000000,0.000000,0.0 0.0,3070
APDM-Graph-CitHepPh-1999-11895.txt,Kulldorff,14625.139618,31408.844377,0.000000,0.000000,0.000000,0.0 0.0,1893
APDM-Graph-CitHepPh-1999-11895.txt,EBP,2167.040794,31408.844377,0.000000,0.000000,0.000000,0.0 0.0,1628
APDM-Graph-CitHepPh-1999-11895.txt,EMS,214.977109,31408.844377,0.000000,0.000000,0.000000,0.0 0.0,1628
APDM-Graph-CitHepPh-2002-11895.txt,Kulldorff,7796.021478,9021.384412,0.000000,0.000000,0.000000,0.0 0.0,3803
APDM-Graph-CitHepPh-2002-11895.txt,EBP,0.000000,9021.384412,0.000000,0.000000,0.000000,0.0 0.0,3803
APDM-Graph-CitHepPh-2002-11895.txt,EMS,120.158651,9021.384412,0.000000,0.000000,0.000000,0.0 0.0,3803
