APDM-Graph-CitHepPh-2001-11895.txt,EMS,555.2674403472029,115.914866167,0.0,0.0,0.0,0.0 0.0,904
APDM-Graph-CitHepPh-2002-11895.txt,EMS,117.88276405841741,30.009673366,0.0,0.0,0.0,0.0 0.0,419
APDM-Graph-CitHepPh-2002-11895.txt,EBP,757.1704115728776,29.445982692,0.0,0.0,0.0,0.0 0.0,214
APDM-Graph-CitHepPh-2001-11895.txt,EBP,20430.760258037255,206.05429199,0.0,0.0,0.0,0.0 0.0,1282
APDM-Graph-CitHepPh-1999-11895.txt,EMS,270.9576030557579,30.477369344,0.0,0.0,0.0,0.0 0.0,309
APDM-Graph-CitHepPh-1999-11895.txt,EBP,4955.537800910586,31.33852605,0.0,0.0,0.0,0.0 0.0,348
APDM-Graph-CitHepPh-2002-11895.txt,Kulldorff,6047.172281220074,342.009063227,0.0,0.0,0.0,0.0 0.0,1663
APDM-Graph-CitHepPh-1999-11895.txt,Kulldorff,15440.63902135181,181.486262486,0.0,0.0,0.0,0.0 0.0,1374
APDM-Graph-CitHepPh-2000-11895.txt,EMS,407.48093247102486,77.981658791,0.0,0.0,0.0,0.0 0.0,794
APDM-Graph-CitHepPh-2001-11895.txt,Kulldorff,23172.962292307424,434.659617719,0.0,0.0,0.0,0.0 0.0,2315
APDM-Graph-CitHepPh-2000-11895.txt,EBP,11228.298672690547,114.245784264,0.0,0.0,0.0,0.0 0.0,949
APDM-Graph-CitHepPh-2000-11895.txt,Kulldorff,20524.82293168646,275.261302737,0.0,0.0,0.0,0.0 0.0,2449
