APDM-Graph-CitHepPh-2002-11895.txt,Kulldorff,1024.929401,2.937608,0.000000,0.000000,0.000000,0.0 0.0,41
APDM-Graph-CitHepPh-2002-11895.txt,EBP,415.813080,2.937608,0.000000,0.000000,0.000000,0.0 0.0,41
APDM-Graph-CitHepPh-2002-11895.txt,EMS,78.399228,2.937608,0.000000,0.000000,0.000000,0.0 0.0,41
APDM-Graph-CitHepPh-1999-11895.txt,Kulldorff,9476.377447,43.210766,0.000000,0.000000,0.000000,0.0 0.0,248
APDM-Graph-CitHepPh-1999-11895.txt,EBP,4502.850683,43.210766,0.000000,0.000000,0.000000,0.0 0.0,248
APDM-Graph-CitHepPh-1999-11895.txt,EMS,263.080763,43.210766,0.000000,0.000000,0.000000,0.0 0.0,248
APDM-Graph-CitHepPh-2000-11895.txt,Kulldorff,16021.271183,274.776146,0.000000,0.000000,0.000000,0.0 0.0,787
APDM-Graph-CitHepPh-2000-11895.txt,EBP,11043.469448,274.776146,0.000000,0.000000,0.000000,0.0 0.0,787
APDM-Graph-CitHepPh-2000-11895.txt,EMS,406.936452,274.776146,0.000000,0.000000,0.000000,0.0 0.0,787
APDM-Graph-CitHepPh-2001-11895.txt,Kulldorff,21337.974085,379.394064,0.000000,0.000000,0.000000,0.0 0.0,1282
APDM-Graph-CitHepPh-2001-11895.txt,EBP,20430.760258,379.394064,0.000000,0.000000,0.000000,0.0 0.0,1282
APDM-Graph-CitHepPh-2001-11895.txt,EMS,556.486096,379.394064,0.000000,0.000000,0.000000,0.0 0.0,1282
