APDM-Water-source-12500_time_03_hour_noise_2.txt,Kulldorff,745.379895,23.042245,0.989933,0.980066,0.984975,0.0 0.0
APDM-Water-source-12500_time_03_hour_noise_2.txt,EBP,56.866392,23.042245,0.989933,0.980066,0.984975,0.0 0.0
APDM-Water-source-12500_time_03_hour_noise_2.txt,EMS,17.204748,23.042245,0.989933,0.980066,0.984975,0.0 0.0
APDM-Water-source-12500_time_04_hour_noise_2.txt,Kulldorff,1057.195852,55.020915,0.986607,0.980044,0.983315,0.0 0.0
APDM-Water-source-12500_time_04_hour_noise_2.txt,EBP,85.837907,55.020915,0.986607,0.980044,0.983315,0.0 0.0
APDM-Water-source-12500_time_04_hour_noise_2.txt,EMS,21.118765,55.020915,0.986607,0.980044,0.983315,0.0 0.0
APDM-Water-source-12500_time_05_hour_noise_2.txt,Kulldorff,1362.564772,125.057459,0.991896,0.974522,0.983133,0.0 0.0
APDM-Water-source-12500_time_05_hour_noise_2.txt,EBP,118.479474,125.057459,0.991896,0.974522,0.983133,0.0 0.0
APDM-Water-source-12500_time_05_hour_noise_2.txt,EMS,24.799226,125.057459,0.991896,0.974522,0.983133,0.0 0.0
APDM-Water-source-12500_time_03_hour_noise_6.txt,Kulldorff,496.805492,349.609742,0.958904,0.930233,0.944351,0.0 0.0
APDM-Water-source-12500_time_03_hour_noise_6.txt,EBP,54.334999,349.609742,0.958904,0.930233,0.944351,0.0 0.0
APDM-Water-source-12500_time_03_hour_noise_6.txt,EMS,16.912446,349.609742,0.958904,0.930233,0.944351,0.0 0.0
APDM-Water-source-12500_time_03_hour_noise_4.txt,Kulldorff,592.686288,694.854254,0.976431,0.963455,0.969900,0.0 0.0
APDM-Water-source-12500_time_03_hour_noise_4.txt,EBP,54.619182,694.854254,0.976431,0.963455,0.969900,0.0 0.0
APDM-Water-source-12500_time_03_hour_noise_4.txt,EMS,17.001584,694.854254,0.976431,0.963455,0.969900,0.0 0.0
APDM-Water-source-12500_time_04_hour_noise_4.txt,Kulldorff,834.355350,747.160479,0.988532,0.955654,0.971815,0.0 0.0
APDM-Water-source-12500_time_04_hour_noise_4.txt,EBP,81.457987,747.160479,0.988532,0.955654,0.971815,0.0 0.0
APDM-Water-source-12500_time_04_hour_noise_4.txt,EMS,20.689048,747.160479,0.988532,0.955654,0.971815,0.0 0.0
APDM-Water-source-12500_time_03_hour_noise_8.txt,Kulldorff,424.322420,1585.590068,0.955479,0.926910,0.940978,0.0 0.0
APDM-Water-source-12500_time_03_hour_noise_8.txt,EBP,52.302164,1585.590068,0.955479,0.926910,0.940978,0.0 0.0
APDM-Water-source-12500_time_03_hour_noise_8.txt,EMS,16.736884,1585.590068,0.955479,0.926910,0.940978,0.0 0.0
APDM-Water-source-12500_time_05_hour_noise_4.txt,Kulldorff,1114.237982,1208.083089,0.983660,0.958599,0.970968,0.0 0.0
APDM-Water-source-12500_time_05_hour_noise_4.txt,EBP,114.076700,1208.083089,0.983660,0.958599,0.970968,0.0 0.0
APDM-Water-source-12500_time_05_hour_noise_4.txt,EMS,24.496098,1208.083089,0.983660,0.958599,0.970968,0.0 0.0
APDM-Water-source-12500_time_03_hour_noise_10.txt,Kulldorff,318.514988,12017.944300,0.918089,0.893688,0.905724,0.0 0.0
APDM-Water-source-12500_time_03_hour_noise_10.txt,EBP,46.585600,12017.944300,0.918089,0.893688,0.905724,0.0 0.0
APDM-Water-source-12500_time_03_hour_noise_10.txt,EMS,16.240933,12017.944300,0.918089,0.893688,0.905724,0.0 0.0
APDM-Water-source-12500_time_04_hour_noise_6.txt,Kulldorff,713.924645,12006.338407,0.972603,0.944568,0.958380,0.0 0.0
APDM-Water-source-12500_time_04_hour_noise_6.txt,EBP,80.480867,12006.338407,0.972603,0.944568,0.958380,0.0 0.0
APDM-Water-source-12500_time_04_hour_noise_6.txt,EMS,20.641758,12006.338407,0.972603,0.944568,0.958380,0.0 0.0
APDM-Water-source-12500_time_04_hour_noise_8.txt,Kulldorff,602.085004,12017.948009,0.979167,0.937916,0.958097,0.0 0.0
APDM-Water-source-12500_time_04_hour_noise_8.txt,EBP,75.956213,12017.948009,0.979167,0.937916,0.958097,0.0 0.0
APDM-Water-source-12500_time_04_hour_noise_8.txt,EMS,20.255372,12017.948009,0.979167,0.937916,0.958097,0.0 0.0
APDM-Water-source-12500_time_04_hour_noise_10.txt,Kulldorff,471.977790,12020.852308,0.924945,0.929047,0.926991,0.0 0.0
APDM-Water-source-12500_time_04_hour_noise_10.txt,EBP,68.971295,12020.852308,0.924945,0.929047,0.926991,0.0 0.0
APDM-Water-source-12500_time_04_hour_noise_10.txt,EMS,19.968242,12020.852308,0.924945,0.929047,0.926991,0.0 0.0
APDM-Water-source-12500_time_05_hour_noise_6.txt,Kulldorff,947.748274,12019.490976,0.978512,0.942675,0.960260,0.0 0.0
APDM-Water-source-12500_time_05_hour_noise_6.txt,EBP,112.042667,12019.490976,0.978512,0.942675,0.960260,0.0 0.0
APDM-Water-source-12500_time_05_hour_noise_6.txt,EMS,24.312157,12019.490976,0.978512,0.942675,0.960260,0.0 0.0
APDM-Water-source-12500_time_05_hour_noise_8.txt,Kulldorff,816.075630,12051.232164,0.959150,0.934713,0.946774,0.0 0.0
APDM-Water-source-12500_time_05_hour_noise_8.txt,EBP,105.334313,12051.232164,0.959150,0.934713,0.946774,0.0 0.0
APDM-Water-source-12500_time_05_hour_noise_8.txt,EMS,23.970604,12051.232164,0.959150,0.934713,0.946774,0.0 0.0
APDM-Water-source-12500_time_05_hour_noise_10.txt,Kulldorff,539.813589,12012.825399,0.931734,0.804140,0.863248,0.0 0.0
APDM-Water-source-12500_time_05_hour_noise_10.txt,EBP,82.208214,12012.825399,0.931734,0.804140,0.863248,0.0 0.0
APDM-Water-source-12500_time_05_hour_noise_10.txt,EMS,21.820468,12012.825399,0.931734,0.804140,0.863248,0.0 0.0
