APDM-Water-source-12500_time_03_hour_noise_2.txt,Kulldorff,745.379895,10.470908,0.989933,0.980066,0.984975,0.0 0.0
APDM-Water-source-12500_time_03_hour_noise_2.txt,EBP,56.866392,10.470908,0.989933,0.980066,0.984975,0.0 0.0
APDM-Water-source-12500_time_03_hour_noise_2.txt,EMS,17.204748,10.470908,0.989933,0.980066,0.984975,0.0 0.0
APDM-Water-source-12500_time_04_hour_noise_2.txt,Kulldorff,1057.195852,15.533911,0.986607,0.980044,0.983315,0.0 0.0
APDM-Water-source-12500_time_04_hour_noise_2.txt,EBP,85.837907,15.533911,0.986607,0.980044,0.983315,0.0 0.0
APDM-Water-source-12500_time_04_hour_noise_2.txt,EMS,21.118765,15.533911,0.986607,0.980044,0.983315,0.0 0.0
APDM-Water-source-12500_time_03_hour_noise_8.txt,Kulldorff,396.997038,63.274130,0.945455,0.863787,0.902778,0.0 0.0
APDM-Water-source-12500_time_03_hour_noise_8.txt,EBP,49.022527,63.274130,0.945455,0.863787,0.902778,0.0 0.0
APDM-Water-source-12500_time_03_hour_noise_8.txt,EMS,16.221310,63.274130,0.945455,0.863787,0.902778,0.0 0.0
APDM-Water-source-12500_time_05_hour_noise_2.txt,Kulldorff,1362.564772,48.146300,0.991896,0.974522,0.983133,0.0 0.0
APDM-Water-source-12500_time_05_hour_noise_2.txt,EBP,118.479474,48.146300,0.991896,0.974522,0.983133,0.0 0.0
APDM-Water-source-12500_time_05_hour_noise_2.txt,EMS,24.799226,48.146300,0.991896,0.974522,0.983133,0.0 0.0
APDM-Water-source-12500_time_03_hour_noise_6.txt,Kulldorff,496.805492,123.274540,0.958904,0.930233,0.944351,0.0 0.0
APDM-Water-source-12500_time_03_hour_noise_6.txt,EBP,54.334999,123.274540,0.958904,0.930233,0.944351,0.0 0.0
APDM-Water-source-12500_time_03_hour_noise_6.txt,EMS,16.912446,123.274540,0.958904,0.930233,0.944351,0.0 0.0
APDM-Water-source-12500_time_03_hour_noise_4.txt,Kulldorff,592.686288,214.481053,0.976431,0.963455,0.969900,0.0 0.0
APDM-Water-source-12500_time_03_hour_noise_4.txt,EBP,54.619182,214.481053,0.976431,0.963455,0.969900,0.0 0.0
APDM-Water-source-12500_time_03_hour_noise_4.txt,EMS,17.001584,214.481053,0.976431,0.963455,0.969900,0.0 0.0
APDM-Water-source-12500_time_04_hour_noise_4.txt,Kulldorff,834.355350,104.462828,0.988532,0.955654,0.971815,0.0 0.0
APDM-Water-source-12500_time_04_hour_noise_4.txt,EBP,81.457987,104.462828,0.988532,0.955654,0.971815,0.0 0.0
APDM-Water-source-12500_time_04_hour_noise_4.txt,EMS,20.689048,104.462828,0.988532,0.955654,0.971815,0.0 0.0
APDM-Water-source-12500_time_05_hour_noise_4.txt,Kulldorff,1114.237982,453.031552,0.983660,0.958599,0.970968,0.0 0.0
APDM-Water-source-12500_time_05_hour_noise_4.txt,EBP,114.076700,453.031552,0.983660,0.958599,0.970968,0.0 0.0
APDM-Water-source-12500_time_05_hour_noise_4.txt,EMS,24.496098,453.031552,0.983660,0.958599,0.970968,0.0 0.0
APDM-Water-source-12500_time_04_hour_noise_6.txt,Kulldorff,713.924645,1627.265787,0.972603,0.944568,0.958380,0.0 0.0
APDM-Water-source-12500_time_04_hour_noise_6.txt,EBP,80.480867,1627.265787,0.972603,0.944568,0.958380,0.0 0.0
APDM-Water-source-12500_time_04_hour_noise_6.txt,EMS,20.641758,1627.265787,0.972603,0.944568,0.958380,0.0 0.0
APDM-Water-source-12500_time_05_hour_noise_6.txt,Kulldorff,947.748274,2645.773313,0.978512,0.942675,0.960260,0.0 0.0
APDM-Water-source-12500_time_05_hour_noise_6.txt,EBP,112.042667,2645.773313,0.978512,0.942675,0.960260,0.0 0.0
APDM-Water-source-12500_time_05_hour_noise_6.txt,EMS,24.312157,2645.773313,0.978512,0.942675,0.960260,0.0 0.0
APDM-Water-source-12500_time_03_hour_noise_10.txt,Kulldorff,305.940319,14428.465938,0.917266,0.847176,0.880829,0.0 0.0
APDM-Water-source-12500_time_03_hour_noise_10.txt,EBP,45.639952,14428.465938,0.917266,0.847176,0.880829,0.0 0.0
APDM-Water-source-12500_time_03_hour_noise_10.txt,EMS,15.953620,14428.465938,0.917266,0.847176,0.880829,0.0 0.0
APDM-Water-source-12500_time_04_hour_noise_8.txt,Kulldorff,604.417775,14406.762570,0.974713,0.940133,0.957111,0.0 0.0
APDM-Water-source-12500_time_04_hour_noise_8.txt,EBP,75.868318,14406.762570,0.974713,0.940133,0.957111,0.0 0.0
APDM-Water-source-12500_time_04_hour_noise_8.txt,EMS,20.281298,14406.762570,0.974713,0.940133,0.957111,0.0 0.0
APDM-Water-source-12500_time_04_hour_noise_10.txt,Kulldorff,396.026323,14417.301386,0.941176,0.780488,0.853333,0.0 0.0
APDM-Water-source-12500_time_04_hour_noise_10.txt,EBP,60.845898,14417.301386,0.941176,0.780488,0.853333,0.0 0.0
APDM-Water-source-12500_time_04_hour_noise_10.txt,EMS,18.460031,14417.301386,0.941176,0.780488,0.853333,0.0 0.0
APDM-Water-source-12500_time_05_hour_noise_8.txt,Kulldorff,805.803972,14404.559000,0.951747,0.910828,0.930838,0.0 0.0
APDM-Water-source-12500_time_05_hour_noise_8.txt,EBP,105.205995,14404.559000,0.951747,0.910828,0.930838,0.0 0.0
APDM-Water-source-12500_time_05_hour_noise_8.txt,EMS,23.862648,14404.559000,0.951747,0.910828,0.930838,0.0 0.0
APDM-Water-source-12500_time_05_hour_noise_10.txt,Kulldorff,514.568939,14438.539148,0.931727,0.738854,0.824156,0.0 0.0
APDM-Water-source-12500_time_05_hour_noise_10.txt,EBP,82.731446,14438.539148,0.931727,0.738854,0.824156,0.0 0.0
APDM-Water-source-12500_time_05_hour_noise_10.txt,EMS,21.419692,14438.539148,0.931727,0.738854,0.824156,0.0 0.0
