APDM-Water-source-12500_time_05_hour_noise_2.txt,Kulldorff,1351.8280796325262,68.725415689,0.9918300653594772,0.9665605095541401,0.9790322580645161,1351.8280796325262 1351.8280796325262 
APDM-Water-source-12500_time_05_hour_noise_2.txt,EMS,24.738633753705965,68.820229277,0.9918300653594772,0.9665605095541401,0.9790322580645161,24.738633753705965 24.738633753705965 
APDM-Water-source-12500_time_05_hour_noise_2.txt,EBP,118.20607450268653,69.141277327,0.9918300653594772,0.9665605095541401,0.9790322580645161,118.20607450268653 118.20607450268653 
APDM-Water-source-12500_time_03_hour_noise_2.txt,EMS,17.20474805699572,66.711334829,0.9899328859060402,0.9800664451827242,0.9849749582637729,16.941074346097416 17.20474805699572 17.20474805699572 
APDM-Water-source-12500_time_04_hour_noise_8.txt,EBP,75.84628115334044,101.147666237,0.9762470308788599,0.9113082039911308,0.9426605504587157,44.0375571676675 58.7978095682854 68.52047988719704 75.84628115334044 75.84628115334044 
APDM-Water-source-12500_time_03_hour_noise_2.txt,Kulldorff,887.8109735938074,130.067129362,0.13159060700044306,0.9867109634551495,0.2322126661454261,717.1291882862367 826.0870410079146 887.8109735938074 887.8109735938074 
APDM-Water-source-12500_time_03_hour_noise_2.txt,EBP,56.866392358600365,68.40056472,0.9899328859060402,0.9800664451827242,0.9849749582637729,55.43324082070433 56.866392358600365 56.866392358600365 
APDM-Water-source-12500_time_04_hour_noise_8.txt,EMS,21.162971462745165,287.726577363,0.16837136113296616,0.9490022172949002,0.28600066822586034,15.0996688705415 20.1195323900983 20.580525043101396 21.132071832414198 21.162971462745165 21.162971462745165 
APDM-Water-source-12500_time_04_hour_noise_8.txt,Kulldorff,1040.5834630875954,289.436615199,0.16399082568807338,0.9512195121951219,0.27975220084773395,315.88854957032254 648.8280524219595 805.8212935904353 914.4627279925267 999.3952970730916 1020.550891137641 1044.7376973717478 1063.9446761938334 1040.5834630875954 
APDM-Water-source-12500_time_04_hour_noise_10.txt,EBP,67.41781315363124,116.531980269,0.9505882352941176,0.8957871396895787,0.9223744292237442,17.962687792074917 47.0905531148436 59.37998680595791 67.11567924938117 67.41781315363124 67.41781315363124 
APDM-Water-source-12500_time_05_hour_noise_8.txt,EBP,105.50439972576623,120.128186287,0.966996699669967,0.9331210191082803,0.9497568881685575,61.61395059862252 99.70705565037508 105.50439972576623 105.50439972576623 
APDM-Water-source-12500_time_04_hour_noise_10.txt,Kulldorff,1011.1555277562165,337.248807472,0.1330418488444722,0.9445676274944568,0.2332329592116069,101.46365952101542 532.1591034778526 665.209539768066 772.0271250940541 902.7814829034105 979.5085367428155 1007.8080890683023 1011.1555277562165 1011.1555277562165 
APDM-Water-source-12500_time_05_hour_noise_8.txt,Kulldorff,1471.4823278597037,242.982026384,0.13948100092678406,0.9585987261146497,0.24352750809061488,419.02343205275747 878.5345279753537 1023.4665812977287 1291.644769131586 1471.4823278597037 1471.4823278597037 
APDM-Water-source-12500_time_04_hour_noise_10.txt,EMS,24.523549719169726,344.657938305,0.1347248576850095,0.9445676274944568,0.23581511209521172,9.643650760992955 20.94865985559294 21.732843148424084 23.517182633431876 24.417123466275605 24.433504764533893 24.599289392016146 24.523549719169726 
APDM-Water-source-12500_time_05_hour_noise_8.txt,EMS,23.926489456035313,257.226125653,0.966996699669967,0.9331210191082803,0.9497568881685575,17.860571099491754 23.96539171388609 23.926489456035313 
APDM-Water-source-12500_time_05_hour_noise_4.txt,EMS,24.45567552449691,83.269188518,0.9803921568627451,0.9554140127388535,0.9677419354838711,23.937418407171645 24.455245171403266 24.45567552449691 24.45567552449691 
APDM-Water-source-12500_time_04_hour_noise_6.txt,Kulldorff,1004.3817261162278,191.236876135,0.1722354813046937,0.9600886917960089,0.2920741989881956,413.64532553713116 732.8449481089226 867.6223338735613 917.5538197615888 995.9455816208047 1016.2268517372613 1016.5755642061806 1004.3817261162278 
APDM-Water-source-12500_time_04_hour_noise_6.txt,EBP,80.19597340359996,104.632126453,0.9722863741339491,0.9334811529933481,0.9524886877828054,50.4114141261457 68.1522565127554 80.19597340359996 80.19597340359996 
APDM-Water-source-12500_time_04_hour_noise_6.txt,EMS,20.568367381018703,155.258484048,0.9722863741339491,0.9334811529933481,0.9524886877828054,16.155494421403514 18.868256705671328 20.568367381018703 20.568367381018703 
APDM-Water-source-12500_time_05_hour_noise_4.txt,EBP,113.45768303163118,85.774265981,0.9847715736040609,0.9267515923566879,0.9548810500410172,110.67333446084865 113.45768303163118 113.45768303163118 
APDM-Water-source-12500_time_04_hour_noise_4.txt,EMS,20.68904776077687,97.450752412,0.9885321100917431,0.9556541019955654,0.971815107102593,19.4164878389476 20.470006753066503 20.68904776077687 20.68904776077687 
APDM-Water-source-12500_time_05_hour_noise_4.txt,Kulldorff,1356.2563331229776,190.742997852,0.1987658330626827,0.9745222929936306,0.33018613434043703,1046.142878025555 1195.6851514386499 1319.1047279145137 1356.2563331229776 1356.2563331229776 
APDM-Water-source-12500_time_04_hour_noise_4.txt,EBP,81.45798699656916,94.535629547,0.9885321100917431,0.9556541019955654,0.971815107102593,72.81648707109935 80.01872343339 81.45798699656916 81.45798699656916 
APDM-Water-source-12500_time_03_hour_noise_8.txt,EBP,51.91630079033939,87.504293822,0.9482758620689655,0.9136212624584718,0.9306260575296109,24.336544750553117 50.7582011892157 51.91630079033939 51.91630079033939 
APDM-Water-source-12500_time_04_hour_noise_4.txt,Kulldorff,1197.372398405254,263.550562662,0.1452513966480447,0.9800443458980045,0.25300515168860904,716.7288847533998 1036.598872690347 1197.372398405254 1197.372398405254 
APDM-Water-source-12500_time_05_hour_noise_10.txt,Kulldorff,1070.414601220648,273.620321098,0.197460741730705,0.9410828025477707,0.3264291632145816,293.67961898254 746.2444075311914 907.5032987448094 1037.6687251947396 1063.3544335656852 1077.9092701337468 1070.414601220648 
APDM-Water-source-12500_time_05_hour_noise_10.txt,EBP,94.54496044682003,135.614659088,0.9229534510433387,0.9156050955414012,0.9192645883293364,53.11547465398496 83.50331201853669 94.33299383626206 94.54496044682003 94.54496044682003 
APDM-Water-source-12500_time_03_hour_noise_8.txt,Kulldorff,879.9053196224431,323.599693896,0.09865005192107996,0.946843853820598,0.17868338557993732,181.85596921961405 473.6585662289731 589.9664094219083 750.2713678745849 844.7691575501799 860.0120721553667 865.5122715293228 890.0593803500085 904.1838283433055 879.9053196224431 
APDM-Water-source-12500_time_03_hour_noise_8.txt,EMS,18.4565844118361,330.404955618,0.09885535900104059,0.946843853820598,0.1790201005025126,11.224972160321824 16.524530909093947 17.737282842530146 18.262479818264243 18.40036904355543 18.439174785872467 18.4565844118361 18.4565844118361 
APDM-Water-source-12500_time_05_hour_noise_10.txt,EMS,26.26657273610388,277.578782948,0.197460741730705,0.9410828025477707,0.3264291632145816,16.583123951776997 24.152250832691795 25.228563683490087 26.020622731106865 26.214622528588006 26.296864184975757 26.26657273610388 
APDM-Water-source-12500_time_03_hour_noise_4.txt,EBP,54.528093411785335,89.174430478,0.9761092150170648,0.9501661129568106,0.9629629629629628,36.504817125829646 48.17506839464977 54.528093411785335 54.528093411785335 
APDM-Water-source-12500_time_03_hour_noise_4.txt,EMS,17.03183294109396,125.488537468,0.9766666666666667,0.973421926910299,0.9750415973377703,13.74772708486752 17.032885994393705 17.03183294109396 
APDM-Water-source-12500_time_03_hour_noise_6.txt,EMS,16.30950643030009,75.401181894,0.9699248120300752,0.8571428571428571,0.91005291005291,16.30950643030009 16.30950643030009 
APDM-Water-source-12500_time_03_hour_noise_6.txt,EBP,51.37715002894544,70.039980551,0.9699248120300752,0.8571428571428571,0.91005291005291,51.37715002894544 51.37715002894544 
APDM-Water-source-12500_time_03_hour_noise_4.txt,Kulldorff,873.9445557107813,224.338181267,0.1253207869974337,0.973421926910299,0.2220538082607048,370.2502518164922 629.0801247848963 678.8061299621877 733.140802495434 790.8126404230561 839.7984332273784 857.0432058384931 873.9445557107813 873.9445557107813 
APDM-Water-source-12500_time_05_hour_noise_6.txt,EBP,111.94117228595474,101.843433735,0.9736842105263158,0.9426751592356688,0.9579288025889969,73.78222297389908 111.94117228595474 111.94117228595474 
APDM-Water-source-12500_time_05_hour_noise_6.txt,EMS,24.333213169614382,158.184562244,0.9736842105263158,0.9426751592356688,0.9579288025889969,19.54482028569206 24.333213169614382 24.333213169614382 
APDM-Water-source-12500_time_05_hour_noise_6.txt,Kulldorff,1382.3678738682431,204.209637688,0.16680429397192403,0.964968152866242,0.2844402722365642,573.2009424852381 1083.796987398217 1313.3258452550367 1382.3678738682431 1382.3678738682431 
APDM-Water-source-12500_time_03_hour_noise_6.txt,Kulldorff,913.5824441713453,302.716919105,0.10514865844815083,0.9634551495016611,0.1896044458973521,456.62599888053364 595.855428136555 776.1720889249564 838.5519940957574 891.6003345535701 901.7342882632474 920.4441664526121 913.5824441713453 
APDM-Water-source-12500_time_04_hour_noise_2.txt,EMS,21.11876492939057,73.489634816,0.9866071428571429,0.9800443458980045,0.9833147942157954,20.712315177207977 21.11876492939057 21.11876492939057 
APDM-Water-source-12500_time_04_hour_noise_2.txt,Kulldorff,1097.0295571844636,133.555721604,0.19490781387181738,0.9844789356984479,0.32539391718578237,1005.6280844500594 1032.2066253227554 1090.8006583982274 1097.0295571844636 1097.0295571844636 
APDM-Water-source-12500_time_04_hour_noise_2.txt,EBP,85.83790661306239,69.979291765,0.9866071428571429,0.9800443458980045,0.9833147942157954,82.86014046021654 85.83790661306239 85.83790661306239 
APDM-Water-source-12500_time_03_hour_noise_10.txt,EBP,46.535712483382326,79.799527638,0.8888888888888888,0.9036544850498339,0.8962108731466227,25.68857501447272 39.7598147736241 46.535712483382326 46.535712483382326 
APDM-Water-source-12500_time_03_hour_noise_10.txt,Kulldorff,919.0945230363623,241.225393027,0.08187481459507565,0.9169435215946844,0.15032679738562094,153.8591884963048 399.1467101078283 581.1608738929203 716.8125283518093 888.3541338451996 899.4534884092527 919.0945230363623 919.0945230363623 
APDM-Water-source-12500_time_03_hour_noise_10.txt,EMS,22.614414590168085,250.646718148,0.08187481459507565,0.9169435215946844,0.15032679738562094,11.532562594670795 17.157877086457685 19.79898987322333 21.135627831998114 22.384217251313224 22.50447636161925 22.614414590168085 22.614414590168085 
