APDM-Water-source-12500_time_03_hour_noise_8.txt,Kulldorff,96.788400,54684.290522,0.941176,0.212625,0.346883,0.0 0.0,68
APDM-Water-source-12500_time_03_hour_noise_8.txt,EBP,13.134008,54684.290522,0.941176,0.212625,0.346883,0.0 0.0,68
APDM-Water-source-12500_time_03_hour_noise_8.txt,EMS,8.246211,54684.290522,0.941176,0.212625,0.346883,0.0 0.0,68
APDM-Water-source-12500_time_03_hour_noise_10.txt,Kulldorff,19.220287,54676.707051,0.941176,0.053156,0.100629,0.0 0.0,17
APDM-Water-source-12500_time_03_hour_noise_10.txt,EBP,3.283502,54676.707051,0.941176,0.053156,0.100629,0.0 0.0,17
APDM-Water-source-12500_time_03_hour_noise_10.txt,EMS,4.123106,54676.707051,0.941176,0.053156,0.100629,0.0 0.0,17
APDM-Water-source-12500_time_03_hour_noise_6.txt,Kulldorff,456.625999,54993.739195,0.969925,0.857143,0.910053,0.0 0.0,266
APDM-Water-source-12500_time_03_hour_noise_6.txt,EBP,51.377150,54993.739195,0.969925,0.857143,0.910053,0.0 0.0,266
APDM-Water-source-12500_time_03_hour_noise_6.txt,EMS,16.309506,54993.739195,0.969925,0.857143,0.910053,0.0 0.0,266
APDM-Water-source-12500_time_03_hour_noise_2.txt,Kulldorff,717.129188,54964.038048,0.989547,0.943522,0.965986,0.0 0.0,287
APDM-Water-source-12500_time_03_hour_noise_2.txt,EBP,55.433241,54964.038048,0.989547,0.943522,0.965986,0.0 0.0,287
APDM-Water-source-12500_time_03_hour_noise_2.txt,EMS,16.941074,54964.038048,0.989547,0.943522,0.965986,0.0 0.0,287
APDM-Water-source-12500_time_03_hour_noise_4.txt,Kulldorff,370.250252,55141.256387,0.994709,0.624585,0.767347,0.0 0.0,189
APDM-Water-source-12500_time_03_hour_noise_4.txt,EBP,36.504817,55141.256387,0.994709,0.624585,0.767347,0.0 0.0,189
APDM-Water-source-12500_time_03_hour_noise_4.txt,EMS,13.747727,55141.256387,0.994709,0.624585,0.767347,0.0 0.0,189
APDM-Water-source-12500_time_04_hour_noise_10.txt,Kulldorff,68.341126,54865.565455,1.000000,0.139690,0.245136,0.0 0.0,63
APDM-Water-source-12500_time_04_hour_noise_10.txt,EBP,12.168272,54865.565455,1.000000,0.139690,0.245136,0.0 0.0,63
APDM-Water-source-12500_time_04_hour_noise_10.txt,EMS,7.937254,54865.565455,1.000000,0.139690,0.245136,0.0 0.0,63
APDM-Water-source-12500_time_04_hour_noise_8.txt,Kulldorff,315.888550,55003.291261,0.982456,0.496674,0.659794,0.0 0.0,228
APDM-Water-source-12500_time_04_hour_noise_8.txt,EBP,44.037557,55003.291261,0.982456,0.496674,0.659794,0.0 0.0,228
APDM-Water-source-12500_time_04_hour_noise_8.txt,EMS,15.099669,55003.291261,0.982456,0.496674,0.659794,0.0 0.0,228
APDM-Water-source-12500_time_04_hour_noise_6.txt,Kulldorff,53.805853,55451.708691,1.000000,0.079823,0.147844,0.0 0.0,36
APDM-Water-source-12500_time_04_hour_noise_6.txt,EBP,6.953299,55451.708691,1.000000,0.079823,0.147844,0.0 0.0,36
APDM-Water-source-12500_time_04_hour_noise_6.txt,EMS,6.000000,55451.708691,1.000000,0.079823,0.147844,0.0 0.0,36
APDM-Water-source-12500_time_04_hour_noise_2.txt,Kulldorff,1005.628084,55788.089471,0.986014,0.937916,0.961364,0.0 0.0,429
APDM-Water-source-12500_time_04_hour_noise_2.txt,EBP,82.860140,55788.089471,0.986014,0.937916,0.961364,0.0 0.0,429
APDM-Water-source-12500_time_04_hour_noise_2.txt,EMS,20.712315,55788.089471,0.986014,0.937916,0.961364,0.0 0.0,429
APDM-Water-source-12500_time_04_hour_noise_4.txt,Kulldorff,716.728885,55645.874868,0.986737,0.824834,0.898551,0.0 0.0,377
APDM-Water-source-12500_time_04_hour_noise_4.txt,EBP,72.816487,55645.874868,0.986737,0.824834,0.898551,0.0 0.0,377
APDM-Water-source-12500_time_04_hour_noise_4.txt,EMS,19.416488,55645.874868,0.986737,0.824834,0.898551,0.0 0.0,377
APDM-Water-source-12500_time_05_hour_noise_8.txt,Kulldorff,419.023432,55618.635741,0.971787,0.493631,0.654699,0.0 0.0,319
APDM-Water-source-12500_time_05_hour_noise_8.txt,EBP,61.613951,55618.635741,0.971787,0.493631,0.654699,0.0 0.0,319
APDM-Water-source-12500_time_05_hour_noise_8.txt,EMS,17.860571,55618.635741,0.971787,0.493631,0.654699,0.0 0.0,319
APDM-Water-source-12500_time_05_hour_noise_10.txt,Kulldorff,293.679619,55933.346284,0.978182,0.428344,0.595792,0.0 0.0,275
APDM-Water-source-12500_time_05_hour_noise_10.txt,EBP,53.115475,55933.346284,0.978182,0.428344,0.595792,0.0 0.0,275
APDM-Water-source-12500_time_05_hour_noise_10.txt,EMS,16.583124,55933.346284,0.978182,0.428344,0.595792,0.0 0.0,275
APDM-Water-source-12500_time_05_hour_noise_6.txt,Kulldorff,193.251556,55667.985538,0.970803,0.211783,0.347712,0.0 0.0,137
APDM-Water-source-12500_time_05_hour_noise_6.txt,EBP,26.461164,55667.985538,0.970803,0.211783,0.347712,0.0 0.0,137
APDM-Water-source-12500_time_05_hour_noise_6.txt,EMS,11.704700,55667.985538,0.970803,0.211783,0.347712,0.0 0.0,137
APDM-Water-source-12500_time_05_hour_noise_2.txt,Kulldorff,1351.828080,55656.497445,0.991830,0.966561,0.979032,0.0 0.0,612
APDM-Water-source-12500_time_05_hour_noise_2.txt,EBP,118.206075,55656.497445,0.991830,0.966561,0.979032,0.0 0.0,612
APDM-Water-source-12500_time_05_hour_noise_2.txt,EMS,24.738634,55656.497445,0.991830,0.966561,0.979032,0.0 0.0,612
APDM-Water-source-12500_time_05_hour_noise_4.txt,Kulldorff,1046.142878,55648.108617,0.984293,0.898089,0.939217,0.0 0.0,573
APDM-Water-source-12500_time_05_hour_noise_4.txt,EBP,110.673334,55648.108617,0.984293,0.898089,0.939217,0.0 0.0,573
APDM-Water-source-12500_time_05_hour_noise_4.txt,EMS,23.937418,55648.108617,0.984293,0.898089,0.939217,0.0 0.0,573
