APDM-Water-source-12500_time_03_hour_noise_2.txt,Kulldorff,845.0798080503498,101.389494271,0.13348314606741574,0.9867109634551495,0.23515439429928742,2.1898031891871597 851.4385359273058 845.0798080503498 
APDM-Water-source-12500_time_03_hour_noise_4.txt,Kulldorff,599.1189338149043,133.037343348,0.49493243243243246,0.973421926910299,0.6562150055991042,1.8415865183314963 613.0164878579333 599.1189338149043 
APDM-Water-source-12500_time_05_hour_noise_10.txt,Kulldorff,799.5156180332206,206.897896762,0.23005060334760608,0.9410828025477707,0.36972161401313736,1.0146053643034065 848.212298995456 905.8050439377994 799.5156180332206 
APDM-Water-source-12500_time_05_hour_noise_4.txt,Kulldorff,1095.1812520825274,172.889633752,0.6637168141592921,0.9554140127388535,0.7832898172323759,1.5392205350185577 48.5372130512269 87.13160579866235 146.37500063229254 195.226788913581 238.21588695217497 459.36310372277694 920.3577731935877 1111.844813861978 1095.1812520825274 
APDM-Water-source-12500_time_05_hour_noise_6.txt,Kulldorff,1002.4250999253657,166.221858604,0.23068094873756695,0.9601910828025477,0.37199259716224553,1.3668528637535928 1058.6538675195022 1002.4250999253657 
APDM-Water-source-12500_time_04_hour_noise_8.txt,Kulldorff,822.6910861243914,188.9793252,0.1617535903250189,0.9490022172949002,0.27639651275427835,1.3156070315280886 855.3541266593375 822.6910861243914 
APDM-Water-source-12500_time_04_hour_noise_6.txt,Kulldorff,769.6441327121429,169.511813254,0.1722354813046937,0.9600886917960089,0.2920741989881956,1.4818665639350002 878.5076184947861 769.6441327121429 
APDM-Water-source-12500_time_03_hour_noise_8.txt,Kulldorff,580.6037175692004,176.179789801,0.11076443057722309,0.9435215946843853,0.19825479930191972,1.4012570260911161 653.4698728115554 580.6037175692004 
APDM-Water-source-12500_time_05_hour_noise_2.txt,Kulldorff,1300.9431085651113,147.62365121,0.7311827956989247,0.9745222929936306,0.8354948805460751,1.7554842485451445 1372.9170729503899 1300.9431085651113 
APDM-Water-source-12500_time_05_hour_noise_8.txt,Kulldorff,851.7393024684638,160.350574655,0.24571428571428572,0.9585987261146497,0.3911630929174789,1.2255808698464534 900.7259522751024 851.7393024684638 
APDM-Water-source-12500_time_04_hour_noise_10.txt,Kulldorff,660.1876074332904,205.887100382,0.16523101018010963,0.9356984478935698,0.28086522462562397,1.0721916545976455 711.8074551196423 771.7824409388422 660.1876074332904 
APDM-Water-source-12500_time_04_hour_noise_2.txt,Kulldorff,1025.4327815000665,113.100052199,0.6727549467275494,0.9800443458980045,0.7978339350180506,1.964323733760466 54.764477256027476 103.30013109082779 669.508778786419 1052.172829601011 1025.4327815000665 
APDM-Water-source-12500_time_04_hour_noise_4.txt,Kulldorff,853.8013417852114,171.215375931,0.6074380165289256,0.9778270509977827,0.7493627867459642,1.689216423776088 856.9902220070953 853.8013417852114 
APDM-Water-source-12500_time_03_hour_noise_6.txt,Kulldorff,563.4356558096329,173.509750069,0.12219873150105708,0.9601328903654485,0.21680420105026255,1.593533473444495 704.8853500614875 563.4356558096329 
APDM-Water-source-12500_time_03_hour_noise_10.txt,Kulldorff,501.03463958392695,229.344396052,0.14248704663212436,0.9136212624584718,0.2465262214253698,1.1271065784626444 393.96265424948706 509.24622875041996 501.03463958392695 
