APDM-Water-source-12500_time_03_hour_noise_10.txt,Kulldorff,153.859188,11.428337,0.954887,0.421927,0.585253,0.0 0.0
APDM-Water-source-12500_time_03_hour_noise_10.txt,EBP,25.688575,11.428337,0.954887,0.421927,0.585253,0.0 0.0
APDM-Water-source-12500_time_03_hour_noise_10.txt,EMS,11.532563,11.428337,0.954887,0.421927,0.585253,0.0 0.0
APDM-Water-source-12500_time_04_hour_noise_10.txt,Kulldorff,101.463660,7.384329,0.935484,0.192905,0.319853,0.0 0.0
APDM-Water-source-12500_time_04_hour_noise_10.txt,EBP,17.962688,7.384329,0.935484,0.192905,0.319853,0.0 0.0
APDM-Water-source-12500_time_04_hour_noise_10.txt,EMS,9.643651,7.384329,0.935484,0.192905,0.319853,0.0 0.0
APDM-Water-source-12500_time_03_hour_noise_8.txt,Kulldorff,181.855969,11.930756,0.960317,0.401993,0.566745,0.0 0.0
APDM-Water-source-12500_time_03_hour_noise_8.txt,EBP,24.336545,11.930756,0.960317,0.401993,0.566745,0.0 0.0
APDM-Water-source-12500_time_03_hour_noise_8.txt,EMS,11.224972,11.930756,0.960317,0.401993,0.566745,0.0 0.0
APDM-Water-source-12500_time_03_hour_noise_4.txt,Kulldorff,370.250252,33.794448,0.994709,0.624585,0.767347,0.0 0.0
APDM-Water-source-12500_time_03_hour_noise_4.txt,EBP,36.504817,33.794448,0.994709,0.624585,0.767347,0.0 0.0
APDM-Water-source-12500_time_03_hour_noise_4.txt,EMS,13.747727,33.794448,0.994709,0.624585,0.767347,0.0 0.0
APDM-Water-source-12500_time_04_hour_noise_8.txt,Kulldorff,315.888550,58.248920,0.982456,0.496674,0.659794,0.0 0.0
APDM-Water-source-12500_time_04_hour_noise_8.txt,EBP,44.037557,58.248920,0.982456,0.496674,0.659794,0.0 0.0
APDM-Water-source-12500_time_04_hour_noise_8.txt,EMS,15.099669,58.248920,0.982456,0.496674,0.659794,0.0 0.0
APDM-Water-source-12500_time_03_hour_noise_6.txt,Kulldorff,456.625999,89.291000,0.969925,0.857143,0.910053,0.0 0.0
APDM-Water-source-12500_time_03_hour_noise_6.txt,EBP,51.377150,89.291000,0.969925,0.857143,0.910053,0.0 0.0
APDM-Water-source-12500_time_03_hour_noise_6.txt,EMS,16.309506,89.291000,0.969925,0.857143,0.910053,0.0 0.0
APDM-Water-source-12500_time_05_hour_noise_10.txt,Kulldorff,293.679619,117.004005,0.978182,0.428344,0.595792,0.0 0.0
APDM-Water-source-12500_time_05_hour_noise_10.txt,EBP,53.115475,117.004005,0.978182,0.428344,0.595792,0.0 0.0
APDM-Water-source-12500_time_05_hour_noise_10.txt,EMS,16.583124,117.004005,0.978182,0.428344,0.595792,0.0 0.0
APDM-Water-source-12500_time_03_hour_noise_2.txt,Kulldorff,717.129188,110.332499,0.989547,0.943522,0.965986,0.0 0.0
APDM-Water-source-12500_time_03_hour_noise_2.txt,EBP,55.433241,110.332499,0.989547,0.943522,0.965986,0.0 0.0
APDM-Water-source-12500_time_03_hour_noise_2.txt,EMS,16.941074,110.332499,0.989547,0.943522,0.965986,0.0 0.0
APDM-Water-source-12500_time_04_hour_noise_6.txt,Kulldorff,413.645326,84.167125,0.965517,0.558758,0.707865,0.0 0.0
APDM-Water-source-12500_time_04_hour_noise_6.txt,EBP,50.411414,84.167125,0.965517,0.558758,0.707865,0.0 0.0
APDM-Water-source-12500_time_04_hour_noise_6.txt,EMS,16.155494,84.167125,0.965517,0.558758,0.707865,0.0 0.0
APDM-Water-source-12500_time_05_hour_noise_8.txt,Kulldorff,419.023432,177.429421,0.971787,0.493631,0.654699,0.0 0.0
APDM-Water-source-12500_time_05_hour_noise_8.txt,EBP,61.613951,177.429421,0.971787,0.493631,0.654699,0.0 0.0
APDM-Water-source-12500_time_05_hour_noise_8.txt,EMS,17.860571,177.429421,0.971787,0.493631,0.654699,0.0 0.0
APDM-Water-source-12500_time_04_hour_noise_4.txt,Kulldorff,716.728885,243.599873,0.986737,0.824834,0.898551,0.0 0.0
APDM-Water-source-12500_time_04_hour_noise_4.txt,EBP,72.816487,243.599873,0.986737,0.824834,0.898551,0.0 0.0
APDM-Water-source-12500_time_04_hour_noise_4.txt,EMS,19.416488,243.599873,0.986737,0.824834,0.898551,0.0 0.0
APDM-Water-source-12500_time_05_hour_noise_6.txt,Kulldorff,573.200942,285.257993,0.979058,0.595541,0.740594,0.0 0.0
APDM-Water-source-12500_time_05_hour_noise_6.txt,EBP,73.782223,285.257993,0.979058,0.595541,0.740594,0.0 0.0
APDM-Water-source-12500_time_05_hour_noise_6.txt,EMS,19.544820,285.257993,0.979058,0.595541,0.740594,0.0 0.0
APDM-Water-source-12500_time_04_hour_noise_2.txt,Kulldorff,1005.628084,429.726396,0.986014,0.937916,0.961364,0.0 0.0
APDM-Water-source-12500_time_04_hour_noise_2.txt,EBP,82.860140,429.726396,0.986014,0.937916,0.961364,0.0 0.0
APDM-Water-source-12500_time_04_hour_noise_2.txt,EMS,20.712315,429.726396,0.986014,0.937916,0.961364,0.0 0.0
APDM-Water-source-12500_time_05_hour_noise_4.txt,Kulldorff,1046.142878,882.542786,0.984293,0.898089,0.939217,0.0 0.0
APDM-Water-source-12500_time_05_hour_noise_4.txt,EBP,110.673334,882.542786,0.984293,0.898089,0.939217,0.0 0.0
APDM-Water-source-12500_time_05_hour_noise_4.txt,EMS,23.937418,882.542786,0.984293,0.898089,0.939217,0.0 0.0
APDM-Water-source-12500_time_05_hour_noise_2.txt,Kulldorff,1351.828080,1311.476486,0.991830,0.966561,0.979032,0.0 0.0
APDM-Water-source-12500_time_05_hour_noise_2.txt,EBP,118.206075,1311.476486,0.991830,0.966561,0.979032,0.0 0.0
APDM-Water-source-12500_time_05_hour_noise_2.txt,EMS,24.738634,1311.476486,0.991830,0.966561,0.979032,0.0 0.0
