APDM-Water-source-12500_time_05_hour_noise_0.txt,1.000000,1.000000,1.000000,2295.302095,0.001000
APDM-Water-source-12500_time_04_hour_noise_0.txt,1.000000,1.000000,1.000000,2326.079599,0.001000
APDM-Water-source-12500_time_03_hour_noise_0.txt,1.000000,1.000000,1.000000,2332.954390,0.001000
APDM-Water-source-12500_time_05_hour_noise_0.txt,1.000000,1.000000,1.000000,2224.886953,0.003000
APDM-Water-source-12500_time_04_hour_noise_0.txt,1.000000,1.000000,1.000000,2186.107801,0.003000
APDM-Water-source-12500_time_03_hour_noise_0.txt,1.000000,1.000000,1.000000,2208.643301,0.003000
APDM-Water-source-12500_time_05_hour_noise_0.txt,1.000000,1.000000,1.000000,2567.489404,0.010000
APDM-Water-source-12500_time_04_hour_noise_0.txt,1.000000,1.000000,1.000000,2574.666584,0.010000
APDM-Water-source-12500_time_03_hour_noise_0.txt,1.000000,1.000000,1.000000,2574.727415,0.010000
APDM-Water-source-12500_time_04_hour_noise_0.txt,1.000000,1.000000,1.000000,3506.961984,0.030000
APDM-Water-source-12500_time_05_hour_noise_0.txt,1.000000,1.000000,1.000000,3723.400748,0.030000
APDM-Water-source-12500_time_03_hour_noise_0.txt,1.000000,1.000000,1.000000,3734.339347,0.030000
APDM-Water-source-12500_time_04_hour_noise_0.txt,1.000000,1.000000,1.000000,3167.172297,0.100000
APDM-Water-source-12500_time_05_hour_noise_0.txt,1.000000,1.000000,1.000000,3049.343919,0.100000
APDM-Water-source-12500_time_03_hour_noise_0.txt,1.000000,1.000000,1.000000,3593.822645,0.100000
APDM-Water-source-12500_time_05_hour_noise_0.txt,1.000000,1.000000,1.000000,3508.738885,0.300000
APDM-Water-source-12500_time_04_hour_noise_0.txt,1.000000,1.000000,1.000000,3808.356382,0.300000
APDM-Water-source-12500_time_03_hour_noise_0.txt,1.000000,1.000000,1.000000,3864.908538,0.300000
APDM-Water-source-12500_time_05_hour_noise_0.txt,1.000000,1.000000,1.000000,3904.753540,1.000000
APDM-Water-source-12500_time_04_hour_noise_0.txt,1.000000,1.000000,1.000000,3867.389028,1.000000
APDM-Water-source-12500_time_03_hour_noise_0.txt,1.000000,1.000000,1.000000,3618.255801,1.000000
